,client_id,workflow_id,job_id,was_completed,drop_task_id,deadline,create_time,response_time
0,041546ab-8bdc-4989-9142-a7e73345655d,6,0,True,,196,40,102.8355156152812
1,041546ab-8bdc-4989-9142-a7e73345655d,6,1,True,,225,69,104.88473556155498
2,041546ab-8bdc-4989-9142-a7e73345655d,6,2,True,,262,106,105.5881488683051
3,041546ab-8bdc-4989-9142-a7e73345655d,6,3,True,,304,148,89.45978994828553
4,041546ab-8bdc-4989-9142-a7e73345655d,6,4,True,,333,177,117.59191096714
5,041546ab-8bdc-4989-9142-a7e73345655d,6,5,True,,365,209,120.80225828119762
6,041546ab-8bdc-4989-9142-a7e73345655d,6,6,True,,399,243,115.0348873009143
7,041546ab-8bdc-4989-9142-a7e73345655d,6,7,True,,437,281,115.21093268177884
8,041546ab-8bdc-4989-9142-a7e73345655d,6,8,True,,469,313,75.12636774665714
9,041546ab-8bdc-4989-9142-a7e73345655d,6,9,True,,504,348,73.67420962912638
10,041546ab-8bdc-4989-9142-a7e73345655d,6,10,True,,534,378,74.95587867402435
11,041546ab-8bdc-4989-9142-a7e73345655d,6,11,True,,571,415,71.43327829744572
12,041546ab-8bdc-4989-9142-a7e73345655d,6,12,True,,609,453,70.20954130682549
13,041546ab-8bdc-4989-9142-a7e73345655d,6,13,True,,641,485,73.45716520123301
14,041546ab-8bdc-4989-9142-a7e73345655d,6,14,True,,680,524,70.5279920407803
15,041546ab-8bdc-4989-9142-a7e73345655d,6,15,True,,707,551,82.59063878363463
16,041546ab-8bdc-4989-9142-a7e73345655d,6,16,True,,738,582,74.513299577618
17,041546ab-8bdc-4989-9142-a7e73345655d,6,17,True,,770,614,70.84059175921413
18,041546ab-8bdc-4989-9142-a7e73345655d,6,18,True,,806,650,76.62879903917826
19,041546ab-8bdc-4989-9142-a7e73345655d,6,19,True,,843,687,74.63783234428786
20,041546ab-8bdc-4989-9142-a7e73345655d,6,20,True,,869,713,84.72908958385358
21,041546ab-8bdc-4989-9142-a7e73345655d,6,21,True,,891,735,81.10334491243566
22,041546ab-8bdc-4989-9142-a7e73345655d,6,22,True,,925,769,80.79110822142331
23,041546ab-8bdc-4989-9142-a7e73345655d,6,23,True,,967,811,77.24814190124539
24,041546ab-8bdc-4989-9142-a7e73345655d,6,24,True,,999,843,71.77504998280097
25,041546ab-8bdc-4989-9142-a7e73345655d,6,25,True,,1027,871,73.41512524208258
26,041546ab-8bdc-4989-9142-a7e73345655d,6,26,True,,1068,912,75.69239970196247
27,041546ab-8bdc-4989-9142-a7e73345655d,6,27,True,,1107,951,68.82218156334147
28,041546ab-8bdc-4989-9142-a7e73345655d,6,28,True,,1148,992,77.23439200792927
29,041546ab-8bdc-4989-9142-a7e73345655d,6,29,True,,1181,1025,68.36193028435036
30,041546ab-8bdc-4989-9142-a7e73345655d,6,30,True,,1224,1068,73.61995042641252
31,041546ab-8bdc-4989-9142-a7e73345655d,6,31,True,,1257,1101,67.43704157236857
32,041546ab-8bdc-4989-9142-a7e73345655d,6,32,False,4.0,1289,1133,141.10634069144294
33,041546ab-8bdc-4989-9142-a7e73345655d,6,33,True,,1329,1173,98.78634069144277
34,041546ab-8bdc-4989-9142-a7e73345655d,6,34,True,,1373,1217,109.52009181720018
35,041546ab-8bdc-4989-9142-a7e73345655d,6,35,False,4.0,1400,1244,131.60642702804125
36,041546ab-8bdc-4989-9142-a7e73345655d,6,36,True,,1441,1285,88.28642702804109
37,041546ab-8bdc-4989-9142-a7e73345655d,6,37,True,,1482,1326,86.65860988377517
38,041546ab-8bdc-4989-9142-a7e73345655d,6,38,True,,1518,1362,97.9388363103476
39,041546ab-8bdc-4989-9142-a7e73345655d,6,39,False,4.0,1550,1394,68.25883631034776
40,041546ab-8bdc-4989-9142-a7e73345655d,6,40,True,,1595,1439,102.41001746782672
41,041546ab-8bdc-4989-9142-a7e73345655d,6,41,True,,1629,1473,114.35941050899942
42,041546ab-8bdc-4989-9142-a7e73345655d,6,42,True,,1659,1503,103.86403163966497
43,041546ab-8bdc-4989-9142-a7e73345655d,6,43,True,,1691,1535,66.17942815990864
44,041546ab-8bdc-4989-9142-a7e73345655d,6,44,True,,1729,1573,139.08560551751088
45,041546ab-8bdc-4989-9142-a7e73345655d,6,45,True,,1771,1615,113.43430372884154
46,041546ab-8bdc-4989-9142-a7e73345655d,6,46,True,,1815,1659,99.08545326126
47,041546ab-8bdc-4989-9142-a7e73345655d,6,47,True,,1847,1691,78.1611518712059
48,041546ab-8bdc-4989-9142-a7e73345655d,6,48,True,,1877,1721,82.19339375934646
49,041546ab-8bdc-4989-9142-a7e73345655d,6,49,True,,1911,1755,80.20659913195891
50,041546ab-8bdc-4989-9142-a7e73345655d,6,50,True,,1938,1782,67.34426003272006
51,041546ab-8bdc-4989-9142-a7e73345655d,6,51,True,,1986,1830,75.7407812449153
52,041546ab-8bdc-4989-9142-a7e73345655d,6,52,True,,2022,1866,83.51651631774848
53,041546ab-8bdc-4989-9142-a7e73345655d,6,53,True,,2073,1917,84.05381653674021
54,041546ab-8bdc-4989-9142-a7e73345655d,6,54,True,,2109,1953,73.84127578737889
55,041546ab-8bdc-4989-9142-a7e73345655d,6,55,True,,2141,1985,72.32415678965481
56,041546ab-8bdc-4989-9142-a7e73345655d,6,56,True,,2179,2023,73.91757411006938
57,041546ab-8bdc-4989-9142-a7e73345655d,6,57,True,,2202,2046,78.22861647720492
58,041546ab-8bdc-4989-9142-a7e73345655d,6,58,True,,2247,2091,165.59366453964094
59,041546ab-8bdc-4989-9142-a7e73345655d,6,59,True,,2275,2119,137.59366453964094
60,041546ab-8bdc-4989-9142-a7e73345655d,6,60,True,,2314,2158,89.79162797249501
61,041546ab-8bdc-4989-9142-a7e73345655d,6,61,False,4.0,2345,2189,101.8027586794592
62,041546ab-8bdc-4989-9142-a7e73345655d,6,62,True,,2378,2222,66.48275867945904
63,041546ab-8bdc-4989-9142-a7e73345655d,6,63,True,,2416,2260,67.5457708185022
64,041546ab-8bdc-4989-9142-a7e73345655d,6,64,True,,2442,2286,71.20241098620454
65,041546ab-8bdc-4989-9142-a7e73345655d,6,65,True,,2474,2318,74.86780892550769
66,041546ab-8bdc-4989-9142-a7e73345655d,6,66,True,,2513,2357,69.83506514810551
67,041546ab-8bdc-4989-9142-a7e73345655d,6,67,True,,2549,2393,69.62097180277033
68,041546ab-8bdc-4989-9142-a7e73345655d,6,68,True,,2587,2431,68.51018859928035
69,041546ab-8bdc-4989-9142-a7e73345655d,6,69,True,,2626,2470,75.52952154458762
70,041546ab-8bdc-4989-9142-a7e73345655d,6,70,True,,2673,2517,77.40390862929053
71,041546ab-8bdc-4989-9142-a7e73345655d,6,71,True,,2706,2550,69.5650665502908
72,041546ab-8bdc-4989-9142-a7e73345655d,6,72,True,,2752,2596,77.18393715833645
73,041546ab-8bdc-4989-9142-a7e73345655d,6,73,True,,2783,2627,145.0033677479555
74,041546ab-8bdc-4989-9142-a7e73345655d,6,74,True,,2825,2669,171.52398162025202
75,041546ab-8bdc-4989-9142-a7e73345655d,6,75,True,,2861,2705,82.13948318429493
76,041546ab-8bdc-4989-9142-a7e73345655d,6,76,True,,2906,2750,113.36332911735508
77,041546ab-8bdc-4989-9142-a7e73345655d,6,77,True,,2939,2783,110.93238266691287
78,041546ab-8bdc-4989-9142-a7e73345655d,6,78,True,,2983,2827,74.13734433035461
79,041546ab-8bdc-4989-9142-a7e73345655d,6,79,True,,3021,2865,74.69714527009182
80,041546ab-8bdc-4989-9142-a7e73345655d,6,80,True,,3050,2894,79.51340494245642
81,041546ab-8bdc-4989-9142-a7e73345655d,6,81,True,,3088,2932,101.60480346101258
82,041546ab-8bdc-4989-9142-a7e73345655d,6,82,True,,3115,2959,81.121763006126
83,041546ab-8bdc-4989-9142-a7e73345655d,6,83,True,,3151,2995,75.1716472436915
84,041546ab-8bdc-4989-9142-a7e73345655d,6,84,True,,3189,3033,124.1325625925133
85,041546ab-8bdc-4989-9142-a7e73345655d,6,85,False,4.0,3229,3073,102.01845364626115
86,041546ab-8bdc-4989-9142-a7e73345655d,6,86,True,,3261,3105,67.69845364626099
87,041546ab-8bdc-4989-9142-a7e73345655d,6,87,True,,3299,3143,70.934913171684
88,041546ab-8bdc-4989-9142-a7e73345655d,6,88,True,,3337,3181,109.77951953236925
89,041546ab-8bdc-4989-9142-a7e73345655d,6,89,True,,3363,3207,132.0979786511275
90,041546ab-8bdc-4989-9142-a7e73345655d,6,90,True,,3394,3238,124.89428281825894
91,041546ab-8bdc-4989-9142-a7e73345655d,6,91,True,,3438,3282,129.70373705522616
92,041546ab-8bdc-4989-9142-a7e73345655d,6,92,False,4.0,3479,3323,91.02373705522632
93,041546ab-8bdc-4989-9142-a7e73345655d,6,93,True,,3516,3360,91.7330057633726
94,041546ab-8bdc-4989-9142-a7e73345655d,6,94,True,,3546,3390,74.42763991529819
95,041546ab-8bdc-4989-9142-a7e73345655d,6,95,True,,3578,3422,81.76268542471553
96,041546ab-8bdc-4989-9142-a7e73345655d,6,96,True,,3616,3460,99.2076976646772
97,041546ab-8bdc-4989-9142-a7e73345655d,6,97,True,,3662,3506,75.16757996440674
98,041546ab-8bdc-4989-9142-a7e73345655d,6,98,True,,3694,3538,76.78471505490143
99,041546ab-8bdc-4989-9142-a7e73345655d,6,99,True,,3737,3581,73.53174617846435
100,041546ab-8bdc-4989-9142-a7e73345655d,6,100,True,,3766,3610,114.44326688103774
101,041546ab-8bdc-4989-9142-a7e73345655d,6,101,True,,3813,3657,79.0123103341698
102,041546ab-8bdc-4989-9142-a7e73345655d,6,102,True,,3850,3694,84.94625600269273
103,041546ab-8bdc-4989-9142-a7e73345655d,6,103,True,,3878,3722,73.48681302603109
104,041546ab-8bdc-4989-9142-a7e73345655d,6,104,False,4.0,3922,3766,120.21376173781073
105,041546ab-8bdc-4989-9142-a7e73345655d,6,105,True,,3961,3805,78.89376173781056
106,041546ab-8bdc-4989-9142-a7e73345655d,6,106,True,,3994,3838,74.66792658365966
107,041546ab-8bdc-4989-9142-a7e73345655d,6,107,True,,4030,3874,74.16868313923942
108,041546ab-8bdc-4989-9142-a7e73345655d,6,108,True,,4071,3915,76.99254919172654
109,041546ab-8bdc-4989-9142-a7e73345655d,6,109,True,,4110,3954,68.59287384974641
110,041546ab-8bdc-4989-9142-a7e73345655d,6,110,True,,4154,3998,73.08428140915566
111,041546ab-8bdc-4989-9142-a7e73345655d,6,111,True,,4187,4031,81.62475875053588
112,041546ab-8bdc-4989-9142-a7e73345655d,6,112,True,,4224,4068,75.60469907853985
113,041546ab-8bdc-4989-9142-a7e73345655d,6,113,True,,4259,4103,67.87987701619568
114,041546ab-8bdc-4989-9142-a7e73345655d,6,114,True,,4291,4135,84.47044509567422
115,041546ab-8bdc-4989-9142-a7e73345655d,6,115,True,,4309,4153,81.01027529337625
116,041546ab-8bdc-4989-9142-a7e73345655d,6,116,True,,4351,4195,70.45826261065304
117,041546ab-8bdc-4989-9142-a7e73345655d,6,117,True,,4379,4223,128.9999354097581
118,041546ab-8bdc-4989-9142-a7e73345655d,6,118,False,4.0,4420,4264,90.31993540975782
119,041546ab-8bdc-4989-9142-a7e73345655d,6,119,False,2.0,4458,4302,58.49785897788297
120,041546ab-8bdc-4989-9142-a7e73345655d,6,120,True,,4481,4325,148.50913258824494
121,041546ab-8bdc-4989-9142-a7e73345655d,6,121,True,,4517,4361,127.80892303836117
122,041546ab-8bdc-4989-9142-a7e73345655d,6,122,True,,4553,4397,128.56379734356233
123,041546ab-8bdc-4989-9142-a7e73345655d,6,123,True,,4594,4438,77.39914854073686
124,041546ab-8bdc-4989-9142-a7e73345655d,6,124,True,,4629,4473,104.72931454652735
125,041546ab-8bdc-4989-9142-a7e73345655d,6,125,True,,4671,4515,82.69952706769163
126,041546ab-8bdc-4989-9142-a7e73345655d,6,126,True,,4705,4549,69.63871519602253
127,041546ab-8bdc-4989-9142-a7e73345655d,6,127,True,,4734,4578,78.99957556656409
128,041546ab-8bdc-4989-9142-a7e73345655d,6,128,True,,4771,4615,70.68863702413182
129,041546ab-8bdc-4989-9142-a7e73345655d,6,129,True,,4810,4654,69.9368071371664
130,041546ab-8bdc-4989-9142-a7e73345655d,6,130,True,,4847,4691,73.19927494728381
131,041546ab-8bdc-4989-9142-a7e73345655d,6,131,True,,4881,4725,78.46745935397666
132,041546ab-8bdc-4989-9142-a7e73345655d,6,132,True,,4914,4758,124.43298938950466
133,041546ab-8bdc-4989-9142-a7e73345655d,6,133,True,,4936,4780,124.15287482510485
134,041546ab-8bdc-4989-9142-a7e73345655d,6,134,True,,4979,4823,112.4123825242823
135,041546ab-8bdc-4989-9142-a7e73345655d,6,135,True,,5014,4858,83.17805170165411
136,041546ab-8bdc-4989-9142-a7e73345655d,6,136,True,,5049,4893,78.33229286766073
137,041546ab-8bdc-4989-9142-a7e73345655d,6,137,True,,5078,4922,75.68877438105028
138,041546ab-8bdc-4989-9142-a7e73345655d,6,138,True,,5112,4956,83.43922326556822
139,041546ab-8bdc-4989-9142-a7e73345655d,6,139,True,,5150,4994,88.64416464986607
140,041546ab-8bdc-4989-9142-a7e73345655d,6,140,True,,5183,5027,70.60330004661682
141,041546ab-8bdc-4989-9142-a7e73345655d,6,141,True,,5219,5063,72.56853142209911
142,041546ab-8bdc-4989-9142-a7e73345655d,6,142,True,,5258,5102,76.23570729638504
143,041546ab-8bdc-4989-9142-a7e73345655d,6,143,True,,5283,5127,79.4113054544805
144,041546ab-8bdc-4989-9142-a7e73345655d,6,144,True,,5331,5175,70.94569342626255
145,041546ab-8bdc-4989-9142-a7e73345655d,6,145,True,,5365,5209,72.30944414871192
146,041546ab-8bdc-4989-9142-a7e73345655d,6,146,True,,5400,5244,75.43334112854336
147,041546ab-8bdc-4989-9142-a7e73345655d,6,147,True,,5448,5292,78.68976784943152
148,041546ab-8bdc-4989-9142-a7e73345655d,6,148,True,,5478,5322,80.19288790430164
149,041546ab-8bdc-4989-9142-a7e73345655d,6,149,True,,5505,5349,84.75398242985102
150,041546ab-8bdc-4989-9142-a7e73345655d,6,150,True,,5531,5375,80.57319584007655
151,041546ab-8bdc-4989-9142-a7e73345655d,6,151,True,,5556,5400,79.4473492032439
152,041546ab-8bdc-4989-9142-a7e73345655d,6,152,True,,5599,5443,75.00417807908525
153,041546ab-8bdc-4989-9142-a7e73345655d,6,153,True,,5641,5485,68.31374909611168
154,041546ab-8bdc-4989-9142-a7e73345655d,6,154,True,,5668,5512,68.81799262943514
155,041546ab-8bdc-4989-9142-a7e73345655d,6,155,True,,5706,5550,79.27249914846561
156,041546ab-8bdc-4989-9142-a7e73345655d,6,156,True,,5746,5590,73.60202032085363
157,041546ab-8bdc-4989-9142-a7e73345655d,6,157,True,,5778,5622,97.67107989300621
158,041546ab-8bdc-4989-9142-a7e73345655d,6,158,True,,5818,5662,79.14028611260437
159,041546ab-8bdc-4989-9142-a7e73345655d,6,159,True,,5851,5695,73.43435303599472
160,041546ab-8bdc-4989-9142-a7e73345655d,6,160,True,,5884,5728,80.59171982323096
161,041546ab-8bdc-4989-9142-a7e73345655d,6,161,True,,5927,5771,71.21780623975155
162,041546ab-8bdc-4989-9142-a7e73345655d,6,162,True,,5967,5811,81.37754589426277
163,041546ab-8bdc-4989-9142-a7e73345655d,6,163,True,,5994,5838,107.4476919335275
164,041546ab-8bdc-4989-9142-a7e73345655d,6,164,True,,6030,5874,77.81454284189658
165,041546ab-8bdc-4989-9142-a7e73345655d,6,165,True,,6062,5906,72.12478818151521
166,041546ab-8bdc-4989-9142-a7e73345655d,6,166,True,,6096,5940,75.60003134463113
167,041546ab-8bdc-4989-9142-a7e73345655d,6,167,True,,6141,5985,108.32902201986053
168,041546ab-8bdc-4989-9142-a7e73345655d,6,168,True,,6190,6034,126.55227108058807
169,041546ab-8bdc-4989-9142-a7e73345655d,6,169,True,,6228,6072,73.05613296098818
170,041546ab-8bdc-4989-9142-a7e73345655d,6,170,True,,6260,6104,108.83678777151363
171,041546ab-8bdc-4989-9142-a7e73345655d,6,171,True,,6299,6143,111.83723574058786
172,041546ab-8bdc-4989-9142-a7e73345655d,6,172,True,,6340,6184,91.55962244247439
173,041546ab-8bdc-4989-9142-a7e73345655d,6,173,True,,6366,6210,71.30448968916244
174,041546ab-8bdc-4989-9142-a7e73345655d,6,174,True,,6389,6233,96.5907484782665
175,041546ab-8bdc-4989-9142-a7e73345655d,6,175,True,,6424,6268,72.37032050549442
176,041546ab-8bdc-4989-9142-a7e73345655d,6,176,True,,6457,6301,74.14807356852725
177,041546ab-8bdc-4989-9142-a7e73345655d,6,177,True,,6485,6329,86.16705933440153
178,041546ab-8bdc-4989-9142-a7e73345655d,6,178,True,,6523,6367,83.86311845163982
179,041546ab-8bdc-4989-9142-a7e73345655d,6,179,True,,6549,6393,68.85810567632325
180,041546ab-8bdc-4989-9142-a7e73345655d,6,180,True,,6574,6418,139.50047053230446
181,041546ab-8bdc-4989-9142-a7e73345655d,6,181,True,,6613,6457,121.83638216971849
182,041546ab-8bdc-4989-9142-a7e73345655d,6,182,True,,6646,6490,127.77461366604257
183,041546ab-8bdc-4989-9142-a7e73345655d,6,183,True,,6679,6523,84.1035413753998
184,041546ab-8bdc-4989-9142-a7e73345655d,6,184,True,,6720,6564,85.66036393631839
185,041546ab-8bdc-4989-9142-a7e73345655d,6,185,True,,6754,6598,69.14532318910005
186,041546ab-8bdc-4989-9142-a7e73345655d,6,186,True,,6781,6625,133.97052384039307
187,041546ab-8bdc-4989-9142-a7e73345655d,6,187,True,,6804,6648,66.02615161268204
188,041546ab-8bdc-4989-9142-a7e73345655d,6,188,True,,6831,6675,138.26774473346723
189,041546ab-8bdc-4989-9142-a7e73345655d,6,189,True,,6871,6715,142.53501356750894
190,041546ab-8bdc-4989-9142-a7e73345655d,6,190,True,,6922,6766,83.28526938290088
191,041546ab-8bdc-4989-9142-a7e73345655d,6,191,True,,6954,6798,121.92217718017855
192,041546ab-8bdc-4989-9142-a7e73345655d,6,192,True,,6979,6823,91.31868742249844
193,041546ab-8bdc-4989-9142-a7e73345655d,6,193,True,,7017,6861,84.19003604979389
194,041546ab-8bdc-4989-9142-a7e73345655d,6,194,True,,7052,6896,70.60520640280993
195,041546ab-8bdc-4989-9142-a7e73345655d,6,195,True,,7089,6933,72.24349820179759
196,041546ab-8bdc-4989-9142-a7e73345655d,6,196,True,,7111,6955,89.64831845287699
197,041546ab-8bdc-4989-9142-a7e73345655d,6,197,True,,7146,6990,89.26443667434887
198,041546ab-8bdc-4989-9142-a7e73345655d,6,198,True,,7178,7022,78.21419568458441
199,041546ab-8bdc-4989-9142-a7e73345655d,6,199,True,,7213,7057,79.43314263513003
200,041546ab-8bdc-4989-9142-a7e73345655d,6,200,True,,7250,7094,79.0727940484121
201,041546ab-8bdc-4989-9142-a7e73345655d,6,201,True,,7289,7133,71.99090658146542
202,041546ab-8bdc-4989-9142-a7e73345655d,6,202,True,,7321,7165,70.96556807168872
203,041546ab-8bdc-4989-9142-a7e73345655d,6,203,True,,7360,7204,76.68703655664194
204,041546ab-8bdc-4989-9142-a7e73345655d,6,204,True,,7405,7249,72.89572610432242
205,041546ab-8bdc-4989-9142-a7e73345655d,6,205,True,,7454,7298,71.842127176551
206,041546ab-8bdc-4989-9142-a7e73345655d,6,206,True,,7492,7336,89.64017247091488
207,041546ab-8bdc-4989-9142-a7e73345655d,6,207,True,,7514,7358,128.3942068751594
208,041546ab-8bdc-4989-9142-a7e73345655d,6,208,True,,7547,7391,157.0937462103302
209,041546ab-8bdc-4989-9142-a7e73345655d,6,209,True,,7584,7428,87.44237807182253
210,041546ab-8bdc-4989-9142-a7e73345655d,6,210,True,,7626,7470,66.96541363110919
211,041546ab-8bdc-4989-9142-a7e73345655d,6,211,False,4.0,7660,7504,118.6706665595957
212,041546ab-8bdc-4989-9142-a7e73345655d,6,212,True,,7703,7547,73.350666559596
213,041546ab-8bdc-4989-9142-a7e73345655d,6,213,False,4.0,7738,7582,137.2735212641801
214,041546ab-8bdc-4989-9142-a7e73345655d,6,214,True,,7788,7632,84.95352126418038
215,041546ab-8bdc-4989-9142-a7e73345655d,6,215,True,,7818,7662,112.56445747591624
216,041546ab-8bdc-4989-9142-a7e73345655d,6,216,False,4.0,7856,7700,74.48445747591632
217,041546ab-8bdc-4989-9142-a7e73345655d,6,217,True,,7883,7727,79.43193855418212
218,041546ab-8bdc-4989-9142-a7e73345655d,6,218,True,,7919,7763,70.8137645176821
219,041546ab-8bdc-4989-9142-a7e73345655d,6,219,True,,7955,7799,69.815700552419
220,041546ab-8bdc-4989-9142-a7e73345655d,6,220,True,,7992,7836,78.50214947855693
221,041546ab-8bdc-4989-9142-a7e73345655d,6,221,True,,8036,7880,77.22028431130093
222,041546ab-8bdc-4989-9142-a7e73345655d,6,222,True,,8064,7908,75.62478260955686
223,041546ab-8bdc-4989-9142-a7e73345655d,6,223,True,,8104,7948,107.03890634283016
224,041546ab-8bdc-4989-9142-a7e73345655d,6,224,True,,8143,7987,76.01339501193706
225,041546ab-8bdc-4989-9142-a7e73345655d,6,225,True,,8171,8015,79.76459496518783
226,041546ab-8bdc-4989-9142-a7e73345655d,6,226,True,,8204,8048,75.97287886648701
227,041546ab-8bdc-4989-9142-a7e73345655d,6,227,True,,8238,8082,84.74720039839485
228,041546ab-8bdc-4989-9142-a7e73345655d,6,228,True,,8283,8127,85.99595137388133
229,041546ab-8bdc-4989-9142-a7e73345655d,6,229,True,,8319,8163,81.2544834182172
230,041546ab-8bdc-4989-9142-a7e73345655d,6,230,True,,8353,8197,75.44802699793763
231,041546ab-8bdc-4989-9142-a7e73345655d,6,231,True,,8389,8233,80.08075012150584
232,041546ab-8bdc-4989-9142-a7e73345655d,6,232,True,,8425,8269,76.3849336921794
233,041546ab-8bdc-4989-9142-a7e73345655d,6,233,True,,8463,8307,80.79033101478853
234,041546ab-8bdc-4989-9142-a7e73345655d,6,234,True,,8488,8332,73.90515590347968
235,041546ab-8bdc-4989-9142-a7e73345655d,6,235,True,,8516,8360,92.86287425083174
236,041546ab-8bdc-4989-9142-a7e73345655d,6,236,True,,8544,8388,88.37416347069302
237,041546ab-8bdc-4989-9142-a7e73345655d,6,237,True,,8573,8417,120.05226487549226
238,041546ab-8bdc-4989-9142-a7e73345655d,6,238,True,,8618,8462,70.1555050305069
239,041546ab-8bdc-4989-9142-a7e73345655d,6,239,True,,8657,8501,78.65052464987639
240,041546ab-8bdc-4989-9142-a7e73345655d,6,240,True,,8687,8531,73.41263201658148
241,041546ab-8bdc-4989-9142-a7e73345655d,6,241,True,,8716,8560,116.74038780609771
242,041546ab-8bdc-4989-9142-a7e73345655d,6,242,True,,8745,8589,154.07810236724072
243,041546ab-8bdc-4989-9142-a7e73345655d,6,243,True,,8772,8616,87.09560066527956
244,041546ab-8bdc-4989-9142-a7e73345655d,6,244,True,,8802,8646,67.47731386832675
245,041546ab-8bdc-4989-9142-a7e73345655d,6,245,True,,8838,8682,80.16011310781141
246,041546ab-8bdc-4989-9142-a7e73345655d,6,246,True,,8876,8720,119.81224864807518
247,041546ab-8bdc-4989-9142-a7e73345655d,6,247,True,,8900,8744,119.09112558521701
248,041546ab-8bdc-4989-9142-a7e73345655d,6,248,True,,8942,8786,70.87837870575459
249,041546ab-8bdc-4989-9142-a7e73345655d,6,249,True,,8971,8815,74.8926120732558
250,041546ab-8bdc-4989-9142-a7e73345655d,6,250,True,,9004,8848,75.44233033878845
251,041546ab-8bdc-4989-9142-a7e73345655d,6,251,True,,9042,8886,71.83682380016944
252,041546ab-8bdc-4989-9142-a7e73345655d,6,252,True,,9077,8921,76.00326284629773
253,041546ab-8bdc-4989-9142-a7e73345655d,6,253,True,,9097,8941,85.52114771039487
254,041546ab-8bdc-4989-9142-a7e73345655d,6,254,True,,9133,8977,80.87760032407823
255,041546ab-8bdc-4989-9142-a7e73345655d,6,255,True,,9160,9004,76.04970703146864
256,041546ab-8bdc-4989-9142-a7e73345655d,6,256,True,,9196,9040,82.96647163831403
257,041546ab-8bdc-4989-9142-a7e73345655d,6,257,True,,9227,9071,79.11838137055929
258,041546ab-8bdc-4989-9142-a7e73345655d,6,258,True,,9257,9101,76.06453268753103
259,041546ab-8bdc-4989-9142-a7e73345655d,6,259,True,,9294,9138,76.84868774798451
260,041546ab-8bdc-4989-9142-a7e73345655d,6,260,True,,9335,9179,74.49744100870885
261,041546ab-8bdc-4989-9142-a7e73345655d,6,261,True,,9361,9205,70.90821877624512
262,041546ab-8bdc-4989-9142-a7e73345655d,6,262,True,,9398,9242,106.24703019404114
263,041546ab-8bdc-4989-9142-a7e73345655d,6,263,False,4.0,9432,9276,74.56703019404085
264,041546ab-8bdc-4989-9142-a7e73345655d,6,264,True,,9464,9308,75.15334535144393
265,041546ab-8bdc-4989-9142-a7e73345655d,6,265,True,,9502,9346,88.31792698105164
266,041546ab-8bdc-4989-9142-a7e73345655d,6,266,True,,9540,9384,78.92057379133621
267,041546ab-8bdc-4989-9142-a7e73345655d,6,267,True,,9567,9411,78.56201049119227
268,041546ab-8bdc-4989-9142-a7e73345655d,6,268,True,,9598,9442,85.6370128663275
269,041546ab-8bdc-4989-9142-a7e73345655d,6,269,True,,9627,9471,76.59577250063558
270,041546ab-8bdc-4989-9142-a7e73345655d,6,270,True,,9652,9496,114.60036863934329
271,041546ab-8bdc-4989-9142-a7e73345655d,6,271,True,,9679,9523,81.95360273902952
272,041546ab-8bdc-4989-9142-a7e73345655d,6,272,True,,9721,9565,98.95590022780198
273,041546ab-8bdc-4989-9142-a7e73345655d,6,273,True,,9750,9594,119.77881131136928
274,041546ab-8bdc-4989-9142-a7e73345655d,6,274,True,,9797,9641,85.1618470248086
275,041546ab-8bdc-4989-9142-a7e73345655d,6,275,True,,9834,9678,111.22482997116094
276,041546ab-8bdc-4989-9142-a7e73345655d,6,276,True,,9875,9719,77.06986503607732
277,041546ab-8bdc-4989-9142-a7e73345655d,6,277,True,,9907,9751,96.022077805761
278,041546ab-8bdc-4989-9142-a7e73345655d,6,278,True,,9943,9787,88.68222616180174
279,041546ab-8bdc-4989-9142-a7e73345655d,6,279,True,,9970,9814,79.88858219854592
280,041546ab-8bdc-4989-9142-a7e73345655d,6,280,True,,10002,9846,75.92735097997684
281,041546ab-8bdc-4989-9142-a7e73345655d,6,281,True,,10031,9875,78.03966433133246
282,041546ab-8bdc-4989-9142-a7e73345655d,6,282,True,,10067,9911,82.80215240154575
283,041546ab-8bdc-4989-9142-a7e73345655d,6,283,True,,10100,9944,71.75816826332812
284,041546ab-8bdc-4989-9142-a7e73345655d,6,284,True,,10132,9976,74.53198097066706
285,041546ab-8bdc-4989-9142-a7e73345655d,6,285,True,,10163,10007,82.13681716745123
286,041546ab-8bdc-4989-9142-a7e73345655d,6,286,False,4.0,10204,10048,109.3985020246073
287,041546ab-8bdc-4989-9142-a7e73345655d,6,287,True,,10239,10083,72.07850202460759
288,041546ab-8bdc-4989-9142-a7e73345655d,6,288,True,,10272,10116,68.45547371326757
289,041546ab-8bdc-4989-9142-a7e73345655d,6,289,True,,10300,10144,78.81060683516989
290,041546ab-8bdc-4989-9142-a7e73345655d,6,290,True,,10348,10192,68.01005896508468
291,041546ab-8bdc-4989-9142-a7e73345655d,6,291,True,,10385,10229,96.72256294223553
292,041546ab-8bdc-4989-9142-a7e73345655d,6,292,True,,10413,10257,76.53185991939608
293,041546ab-8bdc-4989-9142-a7e73345655d,6,293,True,,10443,10287,76.850047467291
294,041546ab-8bdc-4989-9142-a7e73345655d,6,294,True,,10472,10316,100.15607650857237
295,041546ab-8bdc-4989-9142-a7e73345655d,6,295,True,,10511,10355,87.68563605345662
296,041546ab-8bdc-4989-9142-a7e73345655d,6,296,True,,10544,10388,106.63925084538096
297,041546ab-8bdc-4989-9142-a7e73345655d,6,297,True,,10578,10422,126.36425598786082
298,041546ab-8bdc-4989-9142-a7e73345655d,6,298,True,,10613,10457,70.58820464382006
299,041546ab-8bdc-4989-9142-a7e73345655d,6,299,True,,10648,10492,69.99276745449606
300,041546ab-8bdc-4989-9142-a7e73345655d,6,300,True,,10688,10532,80.06397287889195
301,041546ab-8bdc-4989-9142-a7e73345655d,6,301,True,,10719,10563,78.0065165040578
302,041546ab-8bdc-4989-9142-a7e73345655d,6,302,True,,10753,10597,64.31060705058917
303,041546ab-8bdc-4989-9142-a7e73345655d,6,303,True,,10798,10642,79.34053242340269
304,041546ab-8bdc-4989-9142-a7e73345655d,6,304,True,,10836,10680,96.19436691033297
305,041546ab-8bdc-4989-9142-a7e73345655d,6,305,True,,10864,10708,81.84782438847651
306,041546ab-8bdc-4989-9142-a7e73345655d,6,306,True,,10902,10746,68.83676093525719
307,041546ab-8bdc-4989-9142-a7e73345655d,6,307,True,,10946,10790,83.24133531069492
308,041546ab-8bdc-4989-9142-a7e73345655d,6,308,True,,10974,10818,83.73523471399312
309,041546ab-8bdc-4989-9142-a7e73345655d,6,309,True,,11005,10849,157.28395701267254
310,041546ab-8bdc-4989-9142-a7e73345655d,6,310,True,,11038,10882,163.2592233181458
311,041546ab-8bdc-4989-9142-a7e73345655d,6,311,True,,11065,10909,186.09942867035716
312,041546ab-8bdc-4989-9142-a7e73345655d,6,312,True,,11093,10937,158.09942867035716
313,041546ab-8bdc-4989-9142-a7e73345655d,6,313,True,,11134,10978,109.06138579441904
314,041546ab-8bdc-4989-9142-a7e73345655d,6,314,True,,11164,11008,146.1553144670288
315,041546ab-8bdc-4989-9142-a7e73345655d,6,315,True,,11204,11048,110.9905575087414
316,041546ab-8bdc-4989-9142-a7e73345655d,6,316,True,,11243,11087,83.7163390423757
317,041546ab-8bdc-4989-9142-a7e73345655d,6,317,True,,11274,11118,132.94449415216332
318,041546ab-8bdc-4989-9142-a7e73345655d,6,318,True,,11311,11155,104.14625624947621
319,041546ab-8bdc-4989-9142-a7e73345655d,6,319,True,,11346,11190,110.6938914089551
320,041546ab-8bdc-4989-9142-a7e73345655d,6,320,True,,11375,11219,76.87311711344046
321,041546ab-8bdc-4989-9142-a7e73345655d,6,321,True,,11411,11255,76.4188339930879
322,041546ab-8bdc-4989-9142-a7e73345655d,6,322,True,,11458,11302,76.74215379480847
323,041546ab-8bdc-4989-9142-a7e73345655d,6,323,True,,11497,11341,87.10452822479783
324,041546ab-8bdc-4989-9142-a7e73345655d,6,324,True,,11534,11378,81.14201582556962
325,041546ab-8bdc-4989-9142-a7e73345655d,6,325,True,,11568,11412,77.52888993218039
326,041546ab-8bdc-4989-9142-a7e73345655d,6,326,True,,11603,11447,76.94593300576707
327,041546ab-8bdc-4989-9142-a7e73345655d,6,327,True,,11631,11475,118.42489453170128
328,041546ab-8bdc-4989-9142-a7e73345655d,6,328,True,,11675,11519,126.81047212295925
329,041546ab-8bdc-4989-9142-a7e73345655d,6,329,True,,11712,11556,84.83774801952131
330,041546ab-8bdc-4989-9142-a7e73345655d,6,330,True,,11735,11579,135.99973934544505
331,041546ab-8bdc-4989-9142-a7e73345655d,6,331,True,,11777,11621,72.9080140239239
332,041546ab-8bdc-4989-9142-a7e73345655d,6,332,True,,11810,11654,84.94975951630113
333,041546ab-8bdc-4989-9142-a7e73345655d,6,333,True,,11846,11690,75.87282493546081
334,041546ab-8bdc-4989-9142-a7e73345655d,6,334,True,,11879,11723,71.58184991140115
335,041546ab-8bdc-4989-9142-a7e73345655d,6,335,True,,11919,11763,109.59810698771253
336,041546ab-8bdc-4989-9142-a7e73345655d,6,336,True,,11949,11793,127.83584504806458
337,041546ab-8bdc-4989-9142-a7e73345655d,6,337,True,,11977,11821,85.2450651055533
338,041546ab-8bdc-4989-9142-a7e73345655d,6,338,True,,12013,11857,124.64468652569485
339,041546ab-8bdc-4989-9142-a7e73345655d,6,339,True,,12059,11903,135.8652906162588
340,041546ab-8bdc-4989-9142-a7e73345655d,6,340,True,,12096,11940,82.27491704015483
341,041546ab-8bdc-4989-9142-a7e73345655d,6,341,True,,12124,11968,92.06731809425582
342,041546ab-8bdc-4989-9142-a7e73345655d,6,342,True,,12160,12004,100.3429180627063
343,041546ab-8bdc-4989-9142-a7e73345655d,6,343,True,,12190,12034,87.75372864258861
344,041546ab-8bdc-4989-9142-a7e73345655d,6,344,True,,12227,12071,76.1229101650697
345,041546ab-8bdc-4989-9142-a7e73345655d,6,345,True,,12268,12112,79.40690653502861
346,041546ab-8bdc-4989-9142-a7e73345655d,6,346,True,,12304,12148,76.89105709150681
347,041546ab-8bdc-4989-9142-a7e73345655d,6,347,True,,12338,12182,126.4803440874366
348,041546ab-8bdc-4989-9142-a7e73345655d,6,348,True,,12367,12211,74.33469712768601
349,041546ab-8bdc-4989-9142-a7e73345655d,6,349,True,,12400,12244,95.03529339683519
350,041546ab-8bdc-4989-9142-a7e73345655d,6,350,True,,12438,12282,75.116899014507
351,041546ab-8bdc-4989-9142-a7e73345655d,6,351,True,,12478,12322,76.82207559864764
352,041546ab-8bdc-4989-9142-a7e73345655d,6,352,True,,12509,12353,73.03914956655899
353,041546ab-8bdc-4989-9142-a7e73345655d,6,353,True,,12550,12394,74.64986167129791
354,041546ab-8bdc-4989-9142-a7e73345655d,6,354,True,,12588,12432,73.27981519593777
355,041546ab-8bdc-4989-9142-a7e73345655d,6,355,True,,12614,12458,74.03930773602588
356,041546ab-8bdc-4989-9142-a7e73345655d,6,356,True,,12656,12500,109.33049445864162
357,041546ab-8bdc-4989-9142-a7e73345655d,6,357,True,,12695,12539,81.82080064402726
358,041546ab-8bdc-4989-9142-a7e73345655d,6,358,True,,12727,12571,92.5865871119804
359,041546ab-8bdc-4989-9142-a7e73345655d,6,359,True,,12757,12601,69.91476670713018
360,041546ab-8bdc-4989-9142-a7e73345655d,6,360,True,,12786,12630,79.07682796792142
361,041546ab-8bdc-4989-9142-a7e73345655d,6,361,True,,12820,12664,74.65865302518432
362,041546ab-8bdc-4989-9142-a7e73345655d,6,362,True,,12862,12706,79.5172977237944
363,041546ab-8bdc-4989-9142-a7e73345655d,6,363,True,,12893,12737,71.20173406356116
364,041546ab-8bdc-4989-9142-a7e73345655d,6,364,True,,12930,12774,72.65996070345136
365,041546ab-8bdc-4989-9142-a7e73345655d,6,365,True,,12968,12812,70.86579205497037
366,041546ab-8bdc-4989-9142-a7e73345655d,6,366,True,,13005,12849,77.77064469046854
367,041546ab-8bdc-4989-9142-a7e73345655d,6,367,True,,13046,12890,69.65146440639182
368,041546ab-8bdc-4989-9142-a7e73345655d,6,368,True,,13089,12933,77.52204413505933
369,041546ab-8bdc-4989-9142-a7e73345655d,6,369,True,,13123,12967,75.8212804969553
370,041546ab-8bdc-4989-9142-a7e73345655d,6,370,True,,13154,12998,78.89593380707265
371,041546ab-8bdc-4989-9142-a7e73345655d,6,371,True,,13192,13036,88.89506970537514
372,041546ab-8bdc-4989-9142-a7e73345655d,6,372,True,,13220,13064,89.07282878775914
373,041546ab-8bdc-4989-9142-a7e73345655d,6,373,True,,13249,13093,124.6270450710781
374,041546ab-8bdc-4989-9142-a7e73345655d,6,374,False,4.0,13276,13120,150.6429602699809
375,041546ab-8bdc-4989-9142-a7e73345655d,6,375,True,,13307,13151,117.3229602699812
376,041546ab-8bdc-4989-9142-a7e73345655d,6,376,True,,13345,13189,142.07218847304466
377,041546ab-8bdc-4989-9142-a7e73345655d,6,377,True,,13375,13219,85.59919874821935
378,041546ab-8bdc-4989-9142-a7e73345655d,6,378,True,,13419,13263,72.73524806484056
379,041546ab-8bdc-4989-9142-a7e73345655d,6,379,True,,13456,13300,70.35052728454139
380,041546ab-8bdc-4989-9142-a7e73345655d,6,380,True,,13490,13334,72.71473226564012
381,041546ab-8bdc-4989-9142-a7e73345655d,6,381,True,,13526,13370,71.77581111136715
382,041546ab-8bdc-4989-9142-a7e73345655d,6,382,True,,13555,13399,71.99918953669112
383,041546ab-8bdc-4989-9142-a7e73345655d,6,383,True,,13581,13425,172.93355945383155
384,041546ab-8bdc-4989-9142-a7e73345655d,6,384,True,,13612,13456,76.39766851538297
385,041546ab-8bdc-4989-9142-a7e73345655d,6,385,True,,13644,13488,124.86951172154295
386,041546ab-8bdc-4989-9142-a7e73345655d,6,386,True,,13684,13528,138.37473688055434
387,041546ab-8bdc-4989-9142-a7e73345655d,6,387,True,,13721,13565,124.00012218981283
388,041546ab-8bdc-4989-9142-a7e73345655d,6,388,True,,13761,13605,113.19037268071042
389,041546ab-8bdc-4989-9142-a7e73345655d,6,389,True,,13798,13642,123.7593894683323
390,041546ab-8bdc-4989-9142-a7e73345655d,6,390,True,,13834,13678,83.05820607994247
391,041546ab-8bdc-4989-9142-a7e73345655d,6,391,True,,13867,13711,119.27933616314294
392,041546ab-8bdc-4989-9142-a7e73345655d,6,392,True,,13894,13738,138.02325751042554
393,041546ab-8bdc-4989-9142-a7e73345655d,6,393,True,,13934,13778,121.47574452326444
394,041546ab-8bdc-4989-9142-a7e73345655d,6,394,False,4.0,13973,13817,84.79574452326415
395,041546ab-8bdc-4989-9142-a7e73345655d,6,395,True,,14004,13848,78.52074220847499
396,041546ab-8bdc-4989-9142-a7e73345655d,6,396,True,,14045,13889,87.31374505424537
397,041546ab-8bdc-4989-9142-a7e73345655d,6,397,True,,14076,13920,93.98776547651687
398,041546ab-8bdc-4989-9142-a7e73345655d,6,398,True,,14109,13953,80.28886252952725
399,041546ab-8bdc-4989-9142-a7e73345655d,6,399,True,,14155,13999,71.59127959915168
400,041546ab-8bdc-4989-9142-a7e73345655d,6,400,True,,14204,14048,89.6555857224248
401,041546ab-8bdc-4989-9142-a7e73345655d,6,401,True,,14233,14077,69.82152526430036
402,041546ab-8bdc-4989-9142-a7e73345655d,6,402,True,,14277,14121,118.6909933470397
403,041546ab-8bdc-4989-9142-a7e73345655d,6,403,True,,14319,14163,81.68412519588128
404,041546ab-8bdc-4989-9142-a7e73345655d,6,404,True,,14358,14202,80.70895123205992
405,041546ab-8bdc-4989-9142-a7e73345655d,6,405,True,,14389,14233,72.340757597638
406,041546ab-8bdc-4989-9142-a7e73345655d,6,406,False,4.0,14437,14281,109.20551152675944
407,041546ab-8bdc-4989-9142-a7e73345655d,6,407,True,,14466,14310,77.88551152675973
408,041546ab-8bdc-4989-9142-a7e73345655d,6,408,True,,14512,14356,104.70395427026597
409,041546ab-8bdc-4989-9142-a7e73345655d,6,409,True,,14551,14395,104.33494472768325
410,041546ab-8bdc-4989-9142-a7e73345655d,6,410,True,,14599,14443,79.87931644455239
411,041546ab-8bdc-4989-9142-a7e73345655d,6,411,True,,14631,14475,83.25365996320579
412,041546ab-8bdc-4989-9142-a7e73345655d,6,412,True,,14662,14506,78.83652013579558
413,041546ab-8bdc-4989-9142-a7e73345655d,6,413,True,,14687,14531,71.71215778698206
414,041546ab-8bdc-4989-9142-a7e73345655d,6,414,True,,14720,14564,68.59448361044088
415,041546ab-8bdc-4989-9142-a7e73345655d,6,415,True,,14744,14588,87.02630684876385
416,041546ab-8bdc-4989-9142-a7e73345655d,6,416,True,,14780,14624,116.73732334982742
417,041546ab-8bdc-4989-9142-a7e73345655d,6,417,True,,14812,14656,106.38603836463517
418,041546ab-8bdc-4989-9142-a7e73345655d,6,418,True,,14856,14700,67.70241089382216
419,041546ab-8bdc-4989-9142-a7e73345655d,6,419,True,,14887,14731,100.88563739777237
420,041546ab-8bdc-4989-9142-a7e73345655d,6,420,True,,14931,14775,85.49331446220276
421,041546ab-8bdc-4989-9142-a7e73345655d,6,421,True,,14975,14819,76.34688874855419
422,041546ab-8bdc-4989-9142-a7e73345655d,6,422,True,,15016,14860,81.7437760914654
423,041546ab-8bdc-4989-9142-a7e73345655d,6,423,True,,15051,14895,74.43800279086827
424,041546ab-8bdc-4989-9142-a7e73345655d,6,424,True,,15092,14936,71.92368446494402
425,041546ab-8bdc-4989-9142-a7e73345655d,6,425,True,,15126,14970,79.49227927936408
426,041546ab-8bdc-4989-9142-a7e73345655d,6,426,True,,15157,15001,103.69395999173139
427,041546ab-8bdc-4989-9142-a7e73345655d,6,427,False,4.0,15190,15034,73.0139599917311
428,041546ab-8bdc-4989-9142-a7e73345655d,6,428,True,,15222,15066,86.75378043775163
429,041546ab-8bdc-4989-9142-a7e73345655d,6,429,True,,15243,15087,160.04872756105033
430,041546ab-8bdc-4989-9142-a7e73345655d,6,430,True,,15277,15121,76.3774419029869
431,041546ab-8bdc-4989-9142-a7e73345655d,6,431,True,,15318,15162,92.90446707652154
432,041546ab-8bdc-4989-9142-a7e73345655d,6,432,True,,15352,15196,94.04905213279017
433,041546ab-8bdc-4989-9142-a7e73345655d,6,433,True,,15400,15244,82.93880938142502
434,041546ab-8bdc-4989-9142-a7e73345655d,6,434,True,,15438,15282,83.27014999019048
435,041546ab-8bdc-4989-9142-a7e73345655d,6,435,True,,15486,15330,71.2207719542912
436,041546ab-8bdc-4989-9142-a7e73345655d,6,436,True,,15524,15368,112.63277463780105
437,041546ab-8bdc-4989-9142-a7e73345655d,6,437,True,,15555,15399,69.94347488838503
438,041546ab-8bdc-4989-9142-a7e73345655d,6,438,True,,15585,15429,139.43287771326504
439,041546ab-8bdc-4989-9142-a7e73345655d,6,439,True,,15626,15470,93.11234618933668
440,041546ab-8bdc-4989-9142-a7e73345655d,6,440,True,,15660,15504,92.69085731083032
441,041546ab-8bdc-4989-9142-a7e73345655d,6,441,True,,15699,15543,76.72671978533253
442,041546ab-8bdc-4989-9142-a7e73345655d,6,442,True,,15741,15585,83.18708450898703
443,041546ab-8bdc-4989-9142-a7e73345655d,6,443,True,,15771,15615,79.71505359585353
444,041546ab-8bdc-4989-9142-a7e73345655d,6,444,True,,15808,15652,77.69518256968695
445,041546ab-8bdc-4989-9142-a7e73345655d,6,445,True,,15839,15683,68.9368438709389
446,041546ab-8bdc-4989-9142-a7e73345655d,6,446,True,,15882,15726,118.71364115169126
447,041546ab-8bdc-4989-9142-a7e73345655d,6,447,True,,15920,15764,90.4014536346076
448,041546ab-8bdc-4989-9142-a7e73345655d,6,448,True,,15946,15790,83.64912187722075
449,041546ab-8bdc-4989-9142-a7e73345655d,6,449,True,,15979,15823,76.65624902453601
450,041546ab-8bdc-4989-9142-a7e73345655d,6,450,True,,16019,15863,77.67424293748445
451,041546ab-8bdc-4989-9142-a7e73345655d,6,451,True,,16044,15888,75.23572725672966
452,041546ab-8bdc-4989-9142-a7e73345655d,6,452,True,,16083,15927,77.91816336583724
453,041546ab-8bdc-4989-9142-a7e73345655d,6,453,True,,16126,15970,68.25465212087693
454,041546ab-8bdc-4989-9142-a7e73345655d,6,454,True,,16161,16005,77.22703247751997
455,041546ab-8bdc-4989-9142-a7e73345655d,6,455,True,,16203,16047,75.89120797303076
456,041546ab-8bdc-4989-9142-a7e73345655d,6,456,True,,16242,16086,74.40933062815566
457,041546ab-8bdc-4989-9142-a7e73345655d,6,457,True,,16273,16117,76.32817579470793
458,041546ab-8bdc-4989-9142-a7e73345655d,6,458,True,,16314,16158,76.30512653279402
459,041546ab-8bdc-4989-9142-a7e73345655d,6,459,True,,16353,16197,64.87478875686611
460,041546ab-8bdc-4989-9142-a7e73345655d,6,460,True,,16392,16236,76.88784680779827
461,041546ab-8bdc-4989-9142-a7e73345655d,6,461,True,,16430,16274,79.88942825519916
462,041546ab-8bdc-4989-9142-a7e73345655d,6,462,True,,16459,16303,82.01724502217257
463,041546ab-8bdc-4989-9142-a7e73345655d,6,463,True,,16503,16347,124.65235828876393
464,041546ab-8bdc-4989-9142-a7e73345655d,6,464,True,,16545,16389,117.04745877133973
465,041546ab-8bdc-4989-9142-a7e73345655d,6,465,True,,16578,16422,91.11595746433159
466,041546ab-8bdc-4989-9142-a7e73345655d,6,466,True,,16607,16451,105.70979596745383
467,041546ab-8bdc-4989-9142-a7e73345655d,6,467,True,,16649,16493,87.76833052527218
468,041546ab-8bdc-4989-9142-a7e73345655d,6,468,True,,16687,16531,76.18741300900729
469,041546ab-8bdc-4989-9142-a7e73345655d,6,469,True,,16725,16569,81.56083157221656
470,041546ab-8bdc-4989-9142-a7e73345655d,6,470,True,,16766,16610,91.51497409367221
471,041546ab-8bdc-4989-9142-a7e73345655d,6,471,True,,16807,16651,86.35381372531265
472,041546ab-8bdc-4989-9142-a7e73345655d,6,472,True,,16859,16703,87.88252177638424
473,041546ab-8bdc-4989-9142-a7e73345655d,6,473,True,,16886,16730,72.63936685648878
474,041546ab-8bdc-4989-9142-a7e73345655d,6,474,True,,16925,16769,106.0904447777757
475,041546ab-8bdc-4989-9142-a7e73345655d,6,475,True,,16957,16801,81.96678306411559
476,041546ab-8bdc-4989-9142-a7e73345655d,6,476,True,,16981,16825,162.8756440518482
477,041546ab-8bdc-4989-9142-a7e73345655d,6,477,True,,17014,16858,129.8756440518482
478,041546ab-8bdc-4989-9142-a7e73345655d,6,478,True,,17054,16898,110.20327892751448
479,041546ab-8bdc-4989-9142-a7e73345655d,6,479,True,,17095,16939,74.07437893263705
480,041546ab-8bdc-4989-9142-a7e73345655d,6,480,True,,17130,16974,76.04118280556577
481,041546ab-8bdc-4989-9142-a7e73345655d,6,481,True,,17169,17013,81.30400903276677
482,041546ab-8bdc-4989-9142-a7e73345655d,6,482,True,,17203,17047,81.17116894333594
483,041546ab-8bdc-4989-9142-a7e73345655d,6,483,True,,17232,17076,80.23194430649528
484,041546ab-8bdc-4989-9142-a7e73345655d,6,484,True,,17271,17115,78.54954325124345
485,041546ab-8bdc-4989-9142-a7e73345655d,6,485,True,,17296,17140,78.05737525611767
486,041546ab-8bdc-4989-9142-a7e73345655d,6,486,True,,17334,17178,74.92068815259336
487,041546ab-8bdc-4989-9142-a7e73345655d,6,487,True,,17383,17227,108.61479472272549
488,041546ab-8bdc-4989-9142-a7e73345655d,6,488,True,,17417,17261,116.94443648482047
489,041546ab-8bdc-4989-9142-a7e73345655d,6,489,True,,17451,17295,71.08859468501396
490,041546ab-8bdc-4989-9142-a7e73345655d,6,490,True,,17485,17329,74.98718498764356
491,041546ab-8bdc-4989-9142-a7e73345655d,6,491,True,,17529,17373,76.56101753927214
492,041546ab-8bdc-4989-9142-a7e73345655d,6,492,True,,17559,17403,73.00336190854068
493,041546ab-8bdc-4989-9142-a7e73345655d,6,493,True,,17597,17441,76.11145870706969
494,041546ab-8bdc-4989-9142-a7e73345655d,6,494,True,,17640,17484,66.69818778929402
495,041546ab-8bdc-4989-9142-a7e73345655d,6,495,True,,17693,17537,82.41265197938264
496,041546ab-8bdc-4989-9142-a7e73345655d,6,496,True,,17736,17580,71.3900325103059
497,041546ab-8bdc-4989-9142-a7e73345655d,6,497,True,,17777,17621,117.61515480496382
498,041546ab-8bdc-4989-9142-a7e73345655d,6,498,True,,17805,17649,146.86960954936148
499,041546ab-8bdc-4989-9142-a7e73345655d,6,499,True,,17851,17695,80.52749280790158
500,041546ab-8bdc-4989-9142-a7e73345655d,6,500,True,,17892,17736,85.01998843434558
501,041546ab-8bdc-4989-9142-a7e73345655d,6,501,True,,17919,17763,112.9702615762144
502,041546ab-8bdc-4989-9142-a7e73345655d,6,502,False,4.0,17958,17802,76.2902615762141
503,041546ab-8bdc-4989-9142-a7e73345655d,6,503,True,,17988,17832,89.59046544916418
504,041546ab-8bdc-4989-9142-a7e73345655d,6,504,True,,18012,17856,85.2457851565996
505,041546ab-8bdc-4989-9142-a7e73345655d,6,505,True,,18043,17887,77.60975010278344
506,041546ab-8bdc-4989-9142-a7e73345655d,6,506,True,,18075,17919,73.8955777627998
507,041546ab-8bdc-4989-9142-a7e73345655d,6,507,True,,18109,17953,67.4854075212861
508,041546ab-8bdc-4989-9142-a7e73345655d,6,508,True,,18146,17990,80.15003484517001
509,041546ab-8bdc-4989-9142-a7e73345655d,6,509,True,,18185,18029,97.19389932708509
510,041546ab-8bdc-4989-9142-a7e73345655d,6,510,True,,18226,18070,79.58829205943402
511,041546ab-8bdc-4989-9142-a7e73345655d,6,511,True,,18261,18105,73.59929589025342
512,041546ab-8bdc-4989-9142-a7e73345655d,6,512,True,,18289,18133,120.81367320533172
513,041546ab-8bdc-4989-9142-a7e73345655d,6,513,True,,18327,18171,114.41493754652038
514,041546ab-8bdc-4989-9142-a7e73345655d,6,514,True,,18364,18208,101.21567862196389
515,041546ab-8bdc-4989-9142-a7e73345655d,6,515,False,4.0,18396,18240,114.23383445368745
516,041546ab-8bdc-4989-9142-a7e73345655d,6,516,True,,18422,18266,135.65193000114596
517,041546ab-8bdc-4989-9142-a7e73345655d,6,517,True,,18441,18285,66.91383445368774
518,041546ab-8bdc-4989-9142-a7e73345655d,6,518,True,,18475,18319,169.47736151101344
519,041546ab-8bdc-4989-9142-a7e73345655d,6,519,True,,18512,18356,98.80247236897776
520,041546ab-8bdc-4989-9142-a7e73345655d,6,520,False,4.0,18553,18397,93.79736151101315
521,041546ab-8bdc-4989-9142-a7e73345655d,6,521,True,,18582,18426,88.57671313726314
522,041546ab-8bdc-4989-9142-a7e73345655d,6,522,True,,18620,18464,86.94589699927383
523,041546ab-8bdc-4989-9142-a7e73345655d,6,523,True,,18643,18487,132.6777280514434
524,041546ab-8bdc-4989-9142-a7e73345655d,6,524,True,,18682,18526,88.83545657563809
525,041546ab-8bdc-4989-9142-a7e73345655d,6,525,True,,18722,18566,102.90575767440168
526,041546ab-8bdc-4989-9142-a7e73345655d,6,526,True,,18755,18599,110.96740656368274
527,041546ab-8bdc-4989-9142-a7e73345655d,6,527,True,,18791,18635,129.50350032490678
528,041546ab-8bdc-4989-9142-a7e73345655d,6,528,True,,18826,18670,84.6981734154324
529,041546ab-8bdc-4989-9142-a7e73345655d,6,529,True,,18862,18706,91.48022469225543
530,041546ab-8bdc-4989-9142-a7e73345655d,6,530,True,,18887,18731,183.53052484622458
531,041546ab-8bdc-4989-9142-a7e73345655d,6,531,True,,18918,18762,152.53052484622458
532,041546ab-8bdc-4989-9142-a7e73345655d,6,532,True,,18962,18806,77.053539658089
533,041546ab-8bdc-4989-9142-a7e73345655d,6,533,True,,18991,18835,160.46995246491497
534,041546ab-8bdc-4989-9142-a7e73345655d,6,534,True,,19030,18874,147.91460217433269
535,041546ab-8bdc-4989-9142-a7e73345655d,6,535,True,,19067,18911,90.74458394017711
536,041546ab-8bdc-4989-9142-a7e73345655d,6,536,True,,19097,18941,147.71469765416623
537,041546ab-8bdc-4989-9142-a7e73345655d,6,537,True,,19122,18966,83.7218277646025
538,041546ab-8bdc-4989-9142-a7e73345655d,6,538,True,,19153,18997,85.64499360758418
539,041546ab-8bdc-4989-9142-a7e73345655d,6,539,True,,19196,19040,81.02967888644343
540,041546ab-8bdc-4989-9142-a7e73345655d,6,540,True,,19236,19080,94.64571200672799
541,041546ab-8bdc-4989-9142-a7e73345655d,6,541,True,,19269,19113,93.17410732212375
542,041546ab-8bdc-4989-9142-a7e73345655d,6,542,True,,19312,19156,79.42807594069382
543,041546ab-8bdc-4989-9142-a7e73345655d,6,543,True,,19347,19191,84.79566529875956
544,041546ab-8bdc-4989-9142-a7e73345655d,6,544,True,,19382,19226,116.79084429416253
545,041546ab-8bdc-4989-9142-a7e73345655d,6,545,True,,19427,19271,112.76563858335794
546,041546ab-8bdc-4989-9142-a7e73345655d,6,546,True,,19459,19303,75.70538789543934
547,041546ab-8bdc-4989-9142-a7e73345655d,6,547,True,,19504,19348,68.54104940697289
548,041546ab-8bdc-4989-9142-a7e73345655d,6,548,True,,19542,19386,86.1179180171639
549,041546ab-8bdc-4989-9142-a7e73345655d,6,549,True,,19582,19426,70.63275961681938
550,041546ab-8bdc-4989-9142-a7e73345655d,6,550,True,,19611,19455,110.12454273819094
551,041546ab-8bdc-4989-9142-a7e73345655d,6,551,True,,19665,19509,75.26543918327661
552,041546ab-8bdc-4989-9142-a7e73345655d,6,552,True,,19708,19552,68.20914285807521
553,041546ab-8bdc-4989-9142-a7e73345655d,6,553,True,,19739,19583,73.00391614597902
554,041546ab-8bdc-4989-9142-a7e73345655d,6,554,True,,19774,19618,96.08772694857544
555,041546ab-8bdc-4989-9142-a7e73345655d,6,555,True,,19807,19651,86.71896651999123
556,041546ab-8bdc-4989-9142-a7e73345655d,6,556,True,,19836,19680,85.12648087279013
557,041546ab-8bdc-4989-9142-a7e73345655d,6,557,True,,19890,19734,130.14562228316208
558,041546ab-8bdc-4989-9142-a7e73345655d,6,558,True,,19928,19772,117.74938802421093
559,041546ab-8bdc-4989-9142-a7e73345655d,6,559,True,,19969,19813,103.96568616749573
560,041546ab-8bdc-4989-9142-a7e73345655d,6,560,False,4.0,20000,19844,75.28568616749544
561,041546ab-8bdc-4989-9142-a7e73345655d,6,561,True,,20029,19873,80.28583673224057
562,041546ab-8bdc-4989-9142-a7e73345655d,6,562,True,,20062,19906,83.44625268410891
563,041546ab-8bdc-4989-9142-a7e73345655d,6,563,True,,20096,19940,67.83563402824802
564,041546ab-8bdc-4989-9142-a7e73345655d,6,564,True,,20134,19978,78.39990934868183
565,041546ab-8bdc-4989-9142-a7e73345655d,6,565,True,,20163,20007,73.55754738674659
566,041546ab-8bdc-4989-9142-a7e73345655d,6,566,True,,20202,20046,76.58592605233207
567,041546ab-8bdc-4989-9142-a7e73345655d,6,567,True,,20239,20083,74.79131640185369
568,041546ab-8bdc-4989-9142-a7e73345655d,6,568,True,,20269,20113,75.8680617656646
569,041546ab-8bdc-4989-9142-a7e73345655d,6,569,True,,20300,20144,77.59366353268342
570,041546ab-8bdc-4989-9142-a7e73345655d,6,570,True,,20336,20180,81.64415377495607
571,041546ab-8bdc-4989-9142-a7e73345655d,6,571,True,,20356,20200,75.9350911152469
572,041546ab-8bdc-4989-9142-a7e73345655d,6,572,True,,20391,20235,72.30896955712524
573,041546ab-8bdc-4989-9142-a7e73345655d,6,573,True,,20423,20267,105.00121668149586
574,041546ab-8bdc-4989-9142-a7e73345655d,6,574,True,,20444,20288,70.42800049088328
575,041546ab-8bdc-4989-9142-a7e73345655d,6,575,True,,20482,20326,78.32528203913171
576,041546ab-8bdc-4989-9142-a7e73345655d,6,576,True,,20517,20361,83.10745466406297
577,041546ab-8bdc-4989-9142-a7e73345655d,6,577,True,,20552,20396,71.7909507977929
578,041546ab-8bdc-4989-9142-a7e73345655d,6,578,True,,20580,20424,79.78755602054662
579,041546ab-8bdc-4989-9142-a7e73345655d,6,579,True,,20612,20456,74.31062167407072
580,041546ab-8bdc-4989-9142-a7e73345655d,6,580,True,,20642,20486,82.07254732057481
581,041546ab-8bdc-4989-9142-a7e73345655d,6,581,True,,20696,20540,122.14380590886503
582,041546ab-8bdc-4989-9142-a7e73345655d,6,582,True,,20735,20579,69.78619860856634
583,041546ab-8bdc-4989-9142-a7e73345655d,6,583,True,,20778,20622,83.20515064458232
584,041546ab-8bdc-4989-9142-a7e73345655d,6,584,False,4.0,20817,20661,121.16941902459439
585,041546ab-8bdc-4989-9142-a7e73345655d,6,585,True,,20865,20709,70.84941902459468
586,041546ab-8bdc-4989-9142-a7e73345655d,6,586,True,,20901,20745,69.25825818967496
587,041546ab-8bdc-4989-9142-a7e73345655d,6,587,True,,20944,20788,86.4227952943802
588,041546ab-8bdc-4989-9142-a7e73345655d,6,588,True,,20983,20827,76.66816625026695
589,041546ab-8bdc-4989-9142-a7e73345655d,6,589,True,,21013,20857,81.02214678595192
590,041546ab-8bdc-4989-9142-a7e73345655d,6,590,True,,21047,20891,77.37070352052615
591,041546ab-8bdc-4989-9142-a7e73345655d,6,591,True,,21074,20918,108.7063940957014
592,041546ab-8bdc-4989-9142-a7e73345655d,6,592,True,,21111,20955,81.31800005892364
593,041546ab-8bdc-4989-9142-a7e73345655d,6,593,True,,21155,20999,72.06218314491707
594,041546ab-8bdc-4989-9142-a7e73345655d,6,594,True,,21188,21032,84.28935832977368
595,041546ab-8bdc-4989-9142-a7e73345655d,6,595,True,,21229,21073,77.58349631953388
596,041546ab-8bdc-4989-9142-a7e73345655d,6,596,True,,21271,21115,75.58892279629436
597,041546ab-8bdc-4989-9142-a7e73345655d,6,597,True,,21307,21151,66.50893991058547
598,041546ab-8bdc-4989-9142-a7e73345655d,6,598,True,,21339,21183,74.36310775562379
599,041546ab-8bdc-4989-9142-a7e73345655d,6,599,True,,21373,21217,73.81227642089652
600,041546ab-8bdc-4989-9142-a7e73345655d,6,600,True,,21407,21251,76.33971183839094
601,041546ab-8bdc-4989-9142-a7e73345655d,6,601,True,,21438,21282,111.69934604308219
602,041546ab-8bdc-4989-9142-a7e73345655d,6,602,True,,21468,21312,76.75976869135047
603,041546ab-8bdc-4989-9142-a7e73345655d,6,603,True,,21505,21349,75.41712075232863
604,041546ab-8bdc-4989-9142-a7e73345655d,6,604,True,,21543,21387,120.2025050250013
605,041546ab-8bdc-4989-9142-a7e73345655d,6,605,True,,21576,21420,79.89920739555237
606,041546ab-8bdc-4989-9142-a7e73345655d,6,606,True,,21612,21456,75.87570915025572
607,041546ab-8bdc-4989-9142-a7e73345655d,6,607,True,,21646,21490,72.94638257147744
608,041546ab-8bdc-4989-9142-a7e73345655d,6,608,True,,21683,21527,79.10279614598403
609,041546ab-8bdc-4989-9142-a7e73345655d,6,609,True,,21721,21565,72.65205684216562
610,041546ab-8bdc-4989-9142-a7e73345655d,6,610,True,,21763,21607,69.69246124711572
611,041546ab-8bdc-4989-9142-a7e73345655d,6,611,True,,21813,21657,72.79013845678492
612,041546ab-8bdc-4989-9142-a7e73345655d,6,612,True,,21843,21687,77.74914766561415
613,041546ab-8bdc-4989-9142-a7e73345655d,6,613,True,,21881,21725,111.1387900455411
614,041546ab-8bdc-4989-9142-a7e73345655d,6,614,True,,21914,21758,110.13429016448936
615,041546ab-8bdc-4989-9142-a7e73345655d,6,615,True,,21949,21793,70.28266763934516
616,041546ab-8bdc-4989-9142-a7e73345655d,6,616,True,,21981,21825,70.54877959607256
617,041546ab-8bdc-4989-9142-a7e73345655d,6,617,True,,22023,21867,94.43527877747329
618,041546ab-8bdc-4989-9142-a7e73345655d,6,618,True,,22055,21899,68.0018704975264
619,041546ab-8bdc-4989-9142-a7e73345655d,6,619,True,,22095,21939,68.51549399796932
620,041546ab-8bdc-4989-9142-a7e73345655d,6,620,True,,22129,21973,68.51912236177304
621,041546ab-8bdc-4989-9142-a7e73345655d,6,621,True,,22158,22002,66.01488782878005
622,041546ab-8bdc-4989-9142-a7e73345655d,6,622,True,,22187,22031,72.36476117431812
623,041546ab-8bdc-4989-9142-a7e73345655d,6,623,True,,22226,22070,73.1758027700962
624,041546ab-8bdc-4989-9142-a7e73345655d,6,624,True,,22263,22107,71.69125384365543
625,041546ab-8bdc-4989-9142-a7e73345655d,6,625,True,,22305,22149,70.2920222963985
626,041546ab-8bdc-4989-9142-a7e73345655d,6,626,True,,22354,22198,78.81142497528708
627,041546ab-8bdc-4989-9142-a7e73345655d,6,627,True,,22384,22228,70.40146098316472
628,041546ab-8bdc-4989-9142-a7e73345655d,6,628,True,,22422,22266,121.82408426512484
629,041546ab-8bdc-4989-9142-a7e73345655d,6,629,True,,22455,22299,80.84767981241384
630,041546ab-8bdc-4989-9142-a7e73345655d,6,630,True,,22496,22340,91.50977244195383
631,041546ab-8bdc-4989-9142-a7e73345655d,6,631,True,,22538,22382,87.7340193952623
632,041546ab-8bdc-4989-9142-a7e73345655d,6,632,True,,22577,22421,137.38960454571497
633,041546ab-8bdc-4989-9142-a7e73345655d,6,633,True,,22615,22459,120.091613505243
634,041546ab-8bdc-4989-9142-a7e73345655d,6,634,True,,22652,22496,69.63205556289904
635,041546ab-8bdc-4989-9142-a7e73345655d,6,635,True,,22682,22526,127.28789626152866
636,041546ab-8bdc-4989-9142-a7e73345655d,6,636,True,,22720,22564,122.96909422004683
637,041546ab-8bdc-4989-9142-a7e73345655d,6,637,True,,22751,22595,113.43345277285334
638,041546ab-8bdc-4989-9142-a7e73345655d,6,638,True,,22788,22632,103.1656099402353
639,041546ab-8bdc-4989-9142-a7e73345655d,6,639,True,,22827,22671,96.25403628314234
640,041546ab-8bdc-4989-9142-a7e73345655d,6,640,True,,22861,22705,116.40479407697421
641,041546ab-8bdc-4989-9142-a7e73345655d,6,641,True,,22889,22733,116.95996561009451
642,041546ab-8bdc-4989-9142-a7e73345655d,6,642,True,,22929,22773,84.03968130208523
643,041546ab-8bdc-4989-9142-a7e73345655d,6,643,True,,22960,22804,77.34437002080813
644,041546ab-8bdc-4989-9142-a7e73345655d,6,644,True,,22986,22830,78.2549783134964
645,041546ab-8bdc-4989-9142-a7e73345655d,6,645,True,,23016,22860,78.59344472080556
646,041546ab-8bdc-4989-9142-a7e73345655d,6,646,True,,23046,22890,80.23207310414728
647,041546ab-8bdc-4989-9142-a7e73345655d,6,647,True,,23071,22915,86.29520300395234
648,041546ab-8bdc-4989-9142-a7e73345655d,6,648,True,,23102,22946,127.14004981858307
649,041546ab-8bdc-4989-9142-a7e73345655d,6,649,True,,23146,22990,105.76921872424282
650,041546ab-8bdc-4989-9142-a7e73345655d,6,650,True,,23182,23026,91.90227968247927
651,041546ab-8bdc-4989-9142-a7e73345655d,6,651,False,4.0,23215,23059,111.91940582407551
652,041546ab-8bdc-4989-9142-a7e73345655d,6,652,True,,23252,23096,72.5994058240758
653,041546ab-8bdc-4989-9142-a7e73345655d,6,653,True,,23287,23131,69.74636005067805
654,041546ab-8bdc-4989-9142-a7e73345655d,6,654,True,,23316,23160,70.96923749261623
655,041546ab-8bdc-4989-9142-a7e73345655d,6,655,True,,23346,23190,79.55159772044863
656,041546ab-8bdc-4989-9142-a7e73345655d,6,656,True,,23372,23216,70.07258856465342
657,041546ab-8bdc-4989-9142-a7e73345655d,6,657,True,,23412,23256,75.45733890019983
658,041546ab-8bdc-4989-9142-a7e73345655d,6,658,True,,23451,23295,75.86231159511954
659,041546ab-8bdc-4989-9142-a7e73345655d,6,659,True,,23497,23341,78.93891269755477
660,041546ab-8bdc-4989-9142-a7e73345655d,6,660,True,,23531,23375,75.38750774873188
661,041546ab-8bdc-4989-9142-a7e73345655d,6,661,True,,23567,23411,73.84979308235052
662,041546ab-8bdc-4989-9142-a7e73345655d,6,662,True,,23603,23447,72.48663778844275
663,041546ab-8bdc-4989-9142-a7e73345655d,6,663,True,,23629,23473,88.22711065601834
664,041546ab-8bdc-4989-9142-a7e73345655d,6,664,True,,23657,23501,126.33318517934822
665,041546ab-8bdc-4989-9142-a7e73345655d,6,665,True,,23698,23542,80.5559304014132
666,041546ab-8bdc-4989-9142-a7e73345655d,6,666,True,,23729,23573,76.16410699651897
667,041546ab-8bdc-4989-9142-a7e73345655d,6,667,True,,23766,23610,75.86993044584597
668,041546ab-8bdc-4989-9142-a7e73345655d,6,668,True,,23800,23644,74.64541491368436
669,041546ab-8bdc-4989-9142-a7e73345655d,6,669,True,,23837,23681,75.56327143354792
670,041546ab-8bdc-4989-9142-a7e73345655d,6,670,True,,23883,23727,96.80529738189944
671,041546ab-8bdc-4989-9142-a7e73345655d,6,671,True,,23917,23761,123.34104371631838
672,041546ab-8bdc-4989-9142-a7e73345655d,6,672,True,,23960,23804,115.59428626734007
673,041546ab-8bdc-4989-9142-a7e73345655d,6,673,True,,24001,23845,84.95679294725778
674,041546ab-8bdc-4989-9142-a7e73345655d,6,674,True,,24026,23870,77.96792502452445
675,041546ab-8bdc-4989-9142-a7e73345655d,6,675,True,,24055,23899,74.37623306720343
676,041546ab-8bdc-4989-9142-a7e73345655d,6,676,True,,24093,23937,73.43691731235958
677,041546ab-8bdc-4989-9142-a7e73345655d,6,677,True,,24121,23965,84.7166217642407
678,041546ab-8bdc-4989-9142-a7e73345655d,6,678,True,,24167,24011,76.69761418215057
679,041546ab-8bdc-4989-9142-a7e73345655d,6,679,True,,24205,24049,115.65717340694391
680,041546ab-8bdc-4989-9142-a7e73345655d,6,680,True,,24234,24078,75.04507622435995
681,041546ab-8bdc-4989-9142-a7e73345655d,6,681,True,,24268,24112,81.59326035902268
682,041546ab-8bdc-4989-9142-a7e73345655d,6,682,True,,24301,24145,82.23423664756046
683,041546ab-8bdc-4989-9142-a7e73345655d,6,683,True,,24353,24197,88.40151800012973
684,041546ab-8bdc-4989-9142-a7e73345655d,6,684,True,,24385,24229,77.43845624533787
685,041546ab-8bdc-4989-9142-a7e73345655d,6,685,True,,24420,24264,110.50544765212908
686,041546ab-8bdc-4989-9142-a7e73345655d,6,686,True,,24458,24302,81.32662412498394
687,041546ab-8bdc-4989-9142-a7e73345655d,6,687,True,,24496,24340,80.63841907849928
688,041546ab-8bdc-4989-9142-a7e73345655d,6,688,True,,24525,24369,125.39760782112717
689,041546ab-8bdc-4989-9142-a7e73345655d,6,689,True,,24566,24410,108.66723920313234
690,041546ab-8bdc-4989-9142-a7e73345655d,6,690,True,,24594,24438,130.82416391636798
691,041546ab-8bdc-4989-9142-a7e73345655d,6,691,True,,24626,24470,82.65504474802947
692,041546ab-8bdc-4989-9142-a7e73345655d,6,692,True,,24665,24509,86.80783506145235
693,041546ab-8bdc-4989-9142-a7e73345655d,6,693,True,,24707,24551,75.47117905218329
694,041546ab-8bdc-4989-9142-a7e73345655d,6,694,True,,24739,24583,73.35622844935642
695,041546ab-8bdc-4989-9142-a7e73345655d,6,695,True,,24775,24619,78.4541414440464
696,041546ab-8bdc-4989-9142-a7e73345655d,6,696,True,,24803,24647,182.92997333932
697,041546ab-8bdc-4989-9142-a7e73345655d,6,697,True,,24838,24682,147.92997333932
698,041546ab-8bdc-4989-9142-a7e73345655d,6,698,True,,24871,24715,76.44785083370516
699,041546ab-8bdc-4989-9142-a7e73345655d,6,699,True,,24913,24757,139.04336042750947
700,041546ab-8bdc-4989-9142-a7e73345655d,6,700,True,,24954,24798,82.29450382916184
701,041546ab-8bdc-4989-9142-a7e73345655d,6,701,True,,24988,24832,90.0038687285014
702,041546ab-8bdc-4989-9142-a7e73345655d,6,702,True,,25029,24873,75.80176968191154
703,041546ab-8bdc-4989-9142-a7e73345655d,6,703,True,,25065,24909,81.63676407667299
704,041546ab-8bdc-4989-9142-a7e73345655d,6,704,True,,25116,24960,77.77925899072216
705,041546ab-8bdc-4989-9142-a7e73345655d,6,705,True,,25143,24987,96.29570271008197
706,041546ab-8bdc-4989-9142-a7e73345655d,6,706,True,,25178,25022,85.0303728314284
707,041546ab-8bdc-4989-9142-a7e73345655d,6,707,True,,25204,25048,85.9253145288967
708,041546ab-8bdc-4989-9142-a7e73345655d,6,708,True,,25232,25076,115.01288699454744
709,041546ab-8bdc-4989-9142-a7e73345655d,6,709,True,,25272,25116,86.46269698538163
710,041546ab-8bdc-4989-9142-a7e73345655d,6,710,True,,25305,25149,89.48460070525107
711,041546ab-8bdc-4989-9142-a7e73345655d,6,711,True,,25340,25184,73.92368011568033
712,041546ab-8bdc-4989-9142-a7e73345655d,6,712,True,,25381,25225,96.31163902359549
713,041546ab-8bdc-4989-9142-a7e73345655d,6,713,True,,25420,25264,139.7245627017037
714,041546ab-8bdc-4989-9142-a7e73345655d,6,714,True,,25451,25295,141.2498692985755
715,041546ab-8bdc-4989-9142-a7e73345655d,6,715,True,,25486,25330,124.9023616299637
716,041546ab-8bdc-4989-9142-a7e73345655d,6,716,True,,25524,25368,119.8586272020002
717,041546ab-8bdc-4989-9142-a7e73345655d,6,717,True,,25548,25392,82.57262372351033
718,041546ab-8bdc-4989-9142-a7e73345655d,6,718,True,,25576,25420,107.04786327074908
719,041546ab-8bdc-4989-9142-a7e73345655d,6,719,True,,25612,25456,106.60849650442469
720,041546ab-8bdc-4989-9142-a7e73345655d,6,720,True,,25633,25477,80.82186420503422
721,041546ab-8bdc-4989-9142-a7e73345655d,6,721,True,,25673,25517,79.63754262392104
722,041546ab-8bdc-4989-9142-a7e73345655d,6,722,True,,25698,25542,90.48276646767408
723,041546ab-8bdc-4989-9142-a7e73345655d,6,723,True,,25731,25575,70.85318974928668
724,041546ab-8bdc-4989-9142-a7e73345655d,6,724,True,,25764,25608,89.85490893435053
725,041546ab-8bdc-4989-9142-a7e73345655d,6,725,True,,25803,25647,78.84147653290347
726,041546ab-8bdc-4989-9142-a7e73345655d,6,726,True,,25832,25676,73.44610832253238
727,041546ab-8bdc-4989-9142-a7e73345655d,6,727,True,,25871,25715,69.6338843766498
728,041546ab-8bdc-4989-9142-a7e73345655d,6,728,True,,25902,25746,76.41612790176441
729,041546ab-8bdc-4989-9142-a7e73345655d,6,729,True,,25934,25778,71.24145895217953
730,041546ab-8bdc-4989-9142-a7e73345655d,6,730,True,,25972,25816,75.69364922806926
731,041546ab-8bdc-4989-9142-a7e73345655d,6,731,True,,26002,25846,76.28112363638138
732,041546ab-8bdc-4989-9142-a7e73345655d,6,732,True,,26040,25884,83.25138204955147
733,041546ab-8bdc-4989-9142-a7e73345655d,6,733,True,,26078,25922,78.30887410258947
734,041546ab-8bdc-4989-9142-a7e73345655d,6,734,True,,26119,25963,71.45398664039021
735,041546ab-8bdc-4989-9142-a7e73345655d,6,735,True,,26156,26000,81.21978307833706
736,041546ab-8bdc-4989-9142-a7e73345655d,6,736,True,,26198,26042,76.98602306567773
737,041546ab-8bdc-4989-9142-a7e73345655d,6,737,True,,26226,26070,75.26914739512722
738,041546ab-8bdc-4989-9142-a7e73345655d,6,738,True,,26273,26117,120.87798250091146
739,041546ab-8bdc-4989-9142-a7e73345655d,6,739,True,,26306,26150,76.19593308150797
740,041546ab-8bdc-4989-9142-a7e73345655d,6,740,True,,26341,26185,79.76427653143037
741,041546ab-8bdc-4989-9142-a7e73345655d,6,741,False,4.0,26389,26233,103.64407494446277
742,041546ab-8bdc-4989-9142-a7e73345655d,6,742,True,,26416,26260,74.32407494446306
743,041546ab-8bdc-4989-9142-a7e73345655d,6,743,True,,26460,26304,120.29749874060144
744,041546ab-8bdc-4989-9142-a7e73345655d,6,744,True,,26492,26336,126.14917139575846
745,041546ab-8bdc-4989-9142-a7e73345655d,6,745,True,,26538,26382,97.36182736957562
746,041546ab-8bdc-4989-9142-a7e73345655d,6,746,False,4.0,26578,26422,110.88103507121559
747,041546ab-8bdc-4989-9142-a7e73345655d,6,747,True,,26621,26465,65.56103507121588
748,041546ab-8bdc-4989-9142-a7e73345655d,6,748,True,,26662,26506,74.55119328018918
749,041546ab-8bdc-4989-9142-a7e73345655d,6,749,True,,26691,26535,68.35611281899764
750,041546ab-8bdc-4989-9142-a7e73345655d,6,750,True,,26712,26556,93.16023484592733
751,041546ab-8bdc-4989-9142-a7e73345655d,6,751,True,,26740,26584,85.27083133515043
752,041546ab-8bdc-4989-9142-a7e73345655d,6,752,True,,26782,26626,85.52236645506127
753,041546ab-8bdc-4989-9142-a7e73345655d,6,753,True,,26818,26662,75.69637179972051
754,041546ab-8bdc-4989-9142-a7e73345655d,6,754,True,,26858,26702,74.14010717836572
755,041546ab-8bdc-4989-9142-a7e73345655d,6,755,True,,26895,26739,73.10970348163028
756,041546ab-8bdc-4989-9142-a7e73345655d,6,756,True,,26927,26771,80.39821739268518
757,041546ab-8bdc-4989-9142-a7e73345655d,6,757,True,,26966,26810,107.00925631074642
758,041546ab-8bdc-4989-9142-a7e73345655d,6,758,True,,27004,26848,110.24608399883073
759,041546ab-8bdc-4989-9142-a7e73345655d,6,759,True,,27033,26877,73.61993231441375
760,041546ab-8bdc-4989-9142-a7e73345655d,6,760,True,,27059,26903,80.93853951224082
761,041546ab-8bdc-4989-9142-a7e73345655d,6,761,True,,27100,26944,64.70587390200308
762,041546ab-8bdc-4989-9142-a7e73345655d,6,762,True,,27137,26981,67.62121113705143
763,041546ab-8bdc-4989-9142-a7e73345655d,6,763,True,,27175,27019,131.17902172337926
764,041546ab-8bdc-4989-9142-a7e73345655d,6,764,True,,27208,27052,91.1753028107596
765,041546ab-8bdc-4989-9142-a7e73345655d,6,765,True,,27245,27089,111.57988923582889
766,041546ab-8bdc-4989-9142-a7e73345655d,6,766,True,,27286,27130,98.57735318209234
767,041546ab-8bdc-4989-9142-a7e73345655d,6,767,True,,27326,27170,74.82562332255839
768,041546ab-8bdc-4989-9142-a7e73345655d,6,768,True,,27376,27220,78.0499487180241
769,041546ab-8bdc-4989-9142-a7e73345655d,6,769,True,,27409,27253,79.32169074567719
770,041546ab-8bdc-4989-9142-a7e73345655d,6,770,True,,27441,27285,77.71591058264312
771,041546ab-8bdc-4989-9142-a7e73345655d,6,771,True,,27476,27320,66.6392239085435
772,041546ab-8bdc-4989-9142-a7e73345655d,6,772,True,,27520,27364,110.23972772358684
773,041546ab-8bdc-4989-9142-a7e73345655d,6,773,True,,27554,27398,82.51145804427506
774,041546ab-8bdc-4989-9142-a7e73345655d,6,774,True,,27593,27437,111.8366105271416
775,041546ab-8bdc-4989-9142-a7e73345655d,6,775,True,,27631,27475,106.48825136592495
776,041546ab-8bdc-4989-9142-a7e73345655d,6,776,True,,27672,27516,90.63920379052433
777,041546ab-8bdc-4989-9142-a7e73345655d,6,777,True,,27709,27553,76.93905179850844
778,041546ab-8bdc-4989-9142-a7e73345655d,6,778,False,4.0,27747,27591,139.69258175290452
779,041546ab-8bdc-4989-9142-a7e73345655d,6,779,True,,27784,27628,100.37258175290481
780,041546ab-8bdc-4989-9142-a7e73345655d,6,780,True,,27821,27665,88.52481425478982
781,041546ab-8bdc-4989-9142-a7e73345655d,6,781,True,,27860,27704,74.99736997061336
782,041546ab-8bdc-4989-9142-a7e73345655d,6,782,True,,27891,27735,72.00167898684231
783,041546ab-8bdc-4989-9142-a7e73345655d,6,783,True,,27927,27771,127.00391486400986
784,041546ab-8bdc-4989-9142-a7e73345655d,6,784,True,,27950,27794,111.90992328334687
785,041546ab-8bdc-4989-9142-a7e73345655d,6,785,True,,27991,27835,134.20942515753268
786,041546ab-8bdc-4989-9142-a7e73345655d,6,786,True,,28032,27876,72.65747390127945
787,041546ab-8bdc-4989-9142-a7e73345655d,6,787,True,,28067,27911,84.02816180966693
788,041546ab-8bdc-4989-9142-a7e73345655d,6,788,True,,28100,27944,82.97601510448658
789,041546ab-8bdc-4989-9142-a7e73345655d,6,789,True,,28126,27970,69.5912474378274
790,041546ab-8bdc-4989-9142-a7e73345655d,6,790,True,,28163,28007,84.04108798061498
791,041546ab-8bdc-4989-9142-a7e73345655d,6,791,True,,28201,28045,71.36963618715527
792,041546ab-8bdc-4989-9142-a7e73345655d,6,792,True,,28239,28083,71.63942774124735
793,041546ab-8bdc-4989-9142-a7e73345655d,6,793,True,,28266,28110,73.8918538898979
794,041546ab-8bdc-4989-9142-a7e73345655d,6,794,True,,28309,28153,76.44379057304104
795,041546ab-8bdc-4989-9142-a7e73345655d,6,795,True,,28346,28190,72.08908404978865
796,041546ab-8bdc-4989-9142-a7e73345655d,6,796,True,,28375,28219,82.26556551551766
797,041546ab-8bdc-4989-9142-a7e73345655d,6,797,True,,28408,28252,72.52914593030073
798,041546ab-8bdc-4989-9142-a7e73345655d,6,798,True,,28439,28283,142.12096624779588
799,041546ab-8bdc-4989-9142-a7e73345655d,6,799,True,,28471,28315,87.3431608726969
800,041546ab-8bdc-4989-9142-a7e73345655d,6,800,True,,28502,28346,84.32714939722064
801,041546ab-8bdc-4989-9142-a7e73345655d,6,801,True,,28537,28381,141.62342758898376
802,041546ab-8bdc-4989-9142-a7e73345655d,6,802,True,,28565,28409,152.14933531071074
803,041546ab-8bdc-4989-9142-a7e73345655d,6,803,True,,28605,28449,179.200129986486
804,041546ab-8bdc-4989-9142-a7e73345655d,6,804,True,,28640,28484,87.93081192677346
805,041546ab-8bdc-4989-9142-a7e73345655d,6,805,True,,28681,28525,120.52497937275257
806,041546ab-8bdc-4989-9142-a7e73345655d,6,806,True,,28719,28563,115.00841572884747
807,041546ab-8bdc-4989-9142-a7e73345655d,6,807,True,,28759,28603,86.43059594847
808,041546ab-8bdc-4989-9142-a7e73345655d,6,808,True,,28809,28653,71.13402963277258
809,041546ab-8bdc-4989-9142-a7e73345655d,6,809,True,,28832,28676,89.19224430922259
810,041546ab-8bdc-4989-9142-a7e73345655d,6,810,True,,28863,28707,83.36261262639164
811,041546ab-8bdc-4989-9142-a7e73345655d,6,811,True,,28908,28752,82.03775028171003
812,041546ab-8bdc-4989-9142-a7e73345655d,6,812,True,,28939,28783,79.03690016367545
813,041546ab-8bdc-4989-9142-a7e73345655d,6,813,True,,28974,28818,85.98390785608717
814,041546ab-8bdc-4989-9142-a7e73345655d,6,814,True,,28998,28842,77.7175199265439
815,041546ab-8bdc-4989-9142-a7e73345655d,6,815,True,,29017,28861,76.11031640365036
816,041546ab-8bdc-4989-9142-a7e73345655d,6,816,True,,29062,28906,70.84333115346453
817,041546ab-8bdc-4989-9142-a7e73345655d,6,817,True,,29098,28942,114.05820044080247
818,041546ab-8bdc-4989-9142-a7e73345655d,6,818,True,,29131,28975,85.6979086051033
819,041546ab-8bdc-4989-9142-a7e73345655d,6,819,True,,29178,29022,72.43435980614959
820,041546ab-8bdc-4989-9142-a7e73345655d,6,820,True,,29212,29056,87.77682126131185
821,041546ab-8bdc-4989-9142-a7e73345655d,6,821,True,,29243,29087,96.81353610564474
822,041546ab-8bdc-4989-9142-a7e73345655d,6,822,True,,29273,29117,113.38594342655415
823,041546ab-8bdc-4989-9142-a7e73345655d,6,823,True,,29311,29155,113.0723111133666
824,041546ab-8bdc-4989-9142-a7e73345655d,6,824,True,,29338,29182,74.6788838242428
825,041546ab-8bdc-4989-9142-a7e73345655d,6,825,True,,29368,29212,84.72319482371677
826,041546ab-8bdc-4989-9142-a7e73345655d,6,826,True,,29411,29255,94.96467543681138
827,041546ab-8bdc-4989-9142-a7e73345655d,6,827,True,,29447,29291,88.14738002279046
828,041546ab-8bdc-4989-9142-a7e73345655d,6,828,True,,29490,29334,76.44003501664702
829,041546ab-8bdc-4989-9142-a7e73345655d,6,829,True,,29526,29370,73.46836537363197
830,041546ab-8bdc-4989-9142-a7e73345655d,6,830,True,,29561,29405,90.96646698162294
831,041546ab-8bdc-4989-9142-a7e73345655d,6,831,True,,29604,29448,112.00184880174493
832,041546ab-8bdc-4989-9142-a7e73345655d,6,832,True,,29639,29483,124.95129391106093
833,041546ab-8bdc-4989-9142-a7e73345655d,6,833,True,,29677,29521,76.5216378160876
834,041546ab-8bdc-4989-9142-a7e73345655d,6,834,True,,29701,29545,81.13089086922264
835,041546ab-8bdc-4989-9142-a7e73345655d,6,835,True,,29743,29587,119.31919669177296
836,041546ab-8bdc-4989-9142-a7e73345655d,6,836,True,,29773,29617,129.16420905126506
837,041546ab-8bdc-4989-9142-a7e73345655d,6,837,True,,29802,29646,85.23831420550778
838,041546ab-8bdc-4989-9142-a7e73345655d,6,838,True,,29842,29686,114.71913729802691
839,041546ab-8bdc-4989-9142-a7e73345655d,6,839,True,,29872,29716,97.35969619848402
840,041546ab-8bdc-4989-9142-a7e73345655d,6,840,False,4.0,29903,29747,118.89266563884303
841,041546ab-8bdc-4989-9142-a7e73345655d,6,841,True,,29938,29782,81.57266563884332
842,041546ab-8bdc-4989-9142-a7e73345655d,6,842,True,,29974,29818,74.84358110720859
843,041546ab-8bdc-4989-9142-a7e73345655d,6,843,True,,30001,29845,86.820768215719
844,041546ab-8bdc-4989-9142-a7e73345655d,6,844,True,,30043,29887,77.32078897401152
845,041546ab-8bdc-4989-9142-a7e73345655d,6,845,True,,30073,29917,75.8070584350935
846,041546ab-8bdc-4989-9142-a7e73345655d,6,846,True,,30105,29949,115.81043232773663
847,041546ab-8bdc-4989-9142-a7e73345655d,6,847,True,,30142,29986,65.17287916045098
848,041546ab-8bdc-4989-9142-a7e73345655d,6,848,True,,30183,30027,71.66280103719328
849,041546ab-8bdc-4989-9142-a7e73345655d,6,849,False,4.0,30229,30073,109.15927775166347
850,041546ab-8bdc-4989-9142-a7e73345655d,6,850,True,,30258,30102,77.83927775166376
851,041546ab-8bdc-4989-9142-a7e73345655d,6,851,True,,30299,30143,70.16335887385867
852,041546ab-8bdc-4989-9142-a7e73345655d,6,852,True,,30327,30171,73.60355056254411
853,041546ab-8bdc-4989-9142-a7e73345655d,6,853,True,,30365,30209,82.51062312756403
854,041546ab-8bdc-4989-9142-a7e73345655d,6,854,False,4.0,30400,30244,101.12473487430543
855,041546ab-8bdc-4989-9142-a7e73345655d,6,855,True,,30426,30270,72.80473487430572
856,041546ab-8bdc-4989-9142-a7e73345655d,6,856,True,,30468,30312,81.24309206753605
857,041546ab-8bdc-4989-9142-a7e73345655d,6,857,True,,30506,30350,76.10753803947591
858,041546ab-8bdc-4989-9142-a7e73345655d,6,858,True,,30550,30394,74.16781220642588
859,041546ab-8bdc-4989-9142-a7e73345655d,6,859,True,,30579,30423,100.50177496448669
860,041546ab-8bdc-4989-9142-a7e73345655d,6,860,True,,30616,30460,78.65292608098025
861,041546ab-8bdc-4989-9142-a7e73345655d,6,861,True,,30641,30485,93.31693673701375
862,041546ab-8bdc-4989-9142-a7e73345655d,6,862,True,,30683,30527,82.560532483516
863,041546ab-8bdc-4989-9142-a7e73345655d,6,863,True,,30723,30567,79.01310899948294
864,041546ab-8bdc-4989-9142-a7e73345655d,6,864,True,,30758,30602,83.77806182653512
865,041546ab-8bdc-4989-9142-a7e73345655d,6,865,True,,30793,30637,87.50207557294925
866,041546ab-8bdc-4989-9142-a7e73345655d,6,866,True,,30829,30673,70.73933100681097
867,041546ab-8bdc-4989-9142-a7e73345655d,6,867,True,,30862,30706,76.05849024957206
868,041546ab-8bdc-4989-9142-a7e73345655d,6,868,True,,30889,30733,75.54555341285595
869,041546ab-8bdc-4989-9142-a7e73345655d,6,869,True,,30917,30761,78.95441382112767
870,041546ab-8bdc-4989-9142-a7e73345655d,6,870,True,,30952,30796,97.49853127819006
871,041546ab-8bdc-4989-9142-a7e73345655d,6,871,True,,30990,30834,109.27601826336104
872,041546ab-8bdc-4989-9142-a7e73345655d,6,872,True,,31023,30867,88.57112522437092
873,041546ab-8bdc-4989-9142-a7e73345655d,6,873,True,,31061,30905,87.32154865640769
874,041546ab-8bdc-4989-9142-a7e73345655d,6,874,True,,31100,30944,76.79866119896542
875,041546ab-8bdc-4989-9142-a7e73345655d,6,875,True,,31139,30983,85.24029982431239
876,041546ab-8bdc-4989-9142-a7e73345655d,6,876,True,,31171,31015,75.79828359157545
877,041546ab-8bdc-4989-9142-a7e73345655d,6,877,True,,31210,31054,79.95086426349008
878,041546ab-8bdc-4989-9142-a7e73345655d,6,878,True,,31242,31086,74.31016759075283
879,041546ab-8bdc-4989-9142-a7e73345655d,6,879,True,,31283,31127,80.17050121742068
880,041546ab-8bdc-4989-9142-a7e73345655d,6,880,True,,31322,31166,74.77466120794998
881,041546ab-8bdc-4989-9142-a7e73345655d,6,881,True,,31349,31193,73.87597147095585
882,041546ab-8bdc-4989-9142-a7e73345655d,6,882,True,,31384,31228,77.27752940923529
883,041546ab-8bdc-4989-9142-a7e73345655d,6,883,True,,31420,31264,112.71802852729161
884,041546ab-8bdc-4989-9142-a7e73345655d,6,884,True,,31477,31321,67.35728773096344
885,041546ab-8bdc-4989-9142-a7e73345655d,6,885,True,,31511,31355,78.28402459863719
886,041546ab-8bdc-4989-9142-a7e73345655d,6,886,True,,31543,31387,73.75506341658547
887,041546ab-8bdc-4989-9142-a7e73345655d,6,887,True,,31575,31419,80.11271508638674
888,041546ab-8bdc-4989-9142-a7e73345655d,6,888,True,,31615,31459,84.17305561814283
889,041546ab-8bdc-4989-9142-a7e73345655d,6,889,True,,31655,31499,112.86093018502652
890,041546ab-8bdc-4989-9142-a7e73345655d,6,890,True,,31697,31541,84.53691849048482
891,041546ab-8bdc-4989-9142-a7e73345655d,6,891,True,,31741,31585,70.96603020657858
892,041546ab-8bdc-4989-9142-a7e73345655d,6,892,True,,31780,31624,79.11103609343627
893,041546ab-8bdc-4989-9142-a7e73345655d,6,893,True,,31806,31650,85.85413949207941
894,041546ab-8bdc-4989-9142-a7e73345655d,6,894,True,,31838,31682,82.99452072973509
895,041546ab-8bdc-4989-9142-a7e73345655d,6,895,True,,31870,31714,80.27100324360799
896,041546ab-8bdc-4989-9142-a7e73345655d,6,896,True,,31910,31754,70.34269322588807
897,041546ab-8bdc-4989-9142-a7e73345655d,6,897,True,,31949,31793,68.88793139660629
898,041546ab-8bdc-4989-9142-a7e73345655d,6,898,True,,31993,31837,78.68699405343068
899,041546ab-8bdc-4989-9142-a7e73345655d,6,899,True,,32018,31862,102.75840989078642
900,041546ab-8bdc-4989-9142-a7e73345655d,6,900,True,,32059,31903,70.48439755402433
901,041546ab-8bdc-4989-9142-a7e73345655d,6,901,True,,32102,31946,116.66398188207313
902,041546ab-8bdc-4989-9142-a7e73345655d,6,902,True,,32139,31983,74.8888215892839
903,041546ab-8bdc-4989-9142-a7e73345655d,6,903,True,,32178,32022,103.74025378187798
904,041546ab-8bdc-4989-9142-a7e73345655d,6,904,True,,32222,32066,83.30525867962206
905,041546ab-8bdc-4989-9142-a7e73345655d,6,905,True,,32258,32102,77.35821432885132
906,041546ab-8bdc-4989-9142-a7e73345655d,6,906,True,,32290,32134,85.68257539658953
907,041546ab-8bdc-4989-9142-a7e73345655d,6,907,True,,32331,32175,74.81125264345974
908,041546ab-8bdc-4989-9142-a7e73345655d,6,908,True,,32375,32219,114.35746608177578
909,041546ab-8bdc-4989-9142-a7e73345655d,6,909,True,,32413,32257,71.74669829455888
910,041546ab-8bdc-4989-9142-a7e73345655d,6,910,False,4.0,32450,32294,109.03919906783995
911,041546ab-8bdc-4989-9142-a7e73345655d,6,911,True,,32481,32325,75.71919906784024
912,041546ab-8bdc-4989-9142-a7e73345655d,6,912,True,,32508,32352,99.28758310495323
913,041546ab-8bdc-4989-9142-a7e73345655d,6,913,True,,32543,32387,85.55650103061635
914,041546ab-8bdc-4989-9142-a7e73345655d,6,914,True,,32592,32436,91.04020280715122
915,041546ab-8bdc-4989-9142-a7e73345655d,6,915,True,,32632,32476,80.9551702520439
916,041546ab-8bdc-4989-9142-a7e73345655d,6,916,True,,32670,32514,117.84020529727786
917,041546ab-8bdc-4989-9142-a7e73345655d,6,917,True,,32701,32545,108.1013893221243
918,041546ab-8bdc-4989-9142-a7e73345655d,6,918,True,,32736,32580,79.44955043878872
919,041546ab-8bdc-4989-9142-a7e73345655d,6,919,True,,32764,32608,81.74833470916928
920,041546ab-8bdc-4989-9142-a7e73345655d,6,920,True,,32818,32662,102.88373505469644
921,041546ab-8bdc-4989-9142-a7e73345655d,6,921,True,,32853,32697,72.72500951779512
922,041546ab-8bdc-4989-9142-a7e73345655d,6,922,True,,32891,32735,73.26532927169319
923,041546ab-8bdc-4989-9142-a7e73345655d,6,923,True,,32921,32765,76.05835002229287
924,041546ab-8bdc-4989-9142-a7e73345655d,6,924,True,,32951,32795,74.6746558063096
925,041546ab-8bdc-4989-9142-a7e73345655d,6,925,True,,32978,32822,82.06271166640363
926,041546ab-8bdc-4989-9142-a7e73345655d,6,926,True,,33020,32864,68.8423977122875
927,041546ab-8bdc-4989-9142-a7e73345655d,6,927,True,,33056,32900,78.01250812659418
928,041546ab-8bdc-4989-9142-a7e73345655d,6,928,True,,33103,32947,73.44933565880638
929,041546ab-8bdc-4989-9142-a7e73345655d,6,929,True,,33129,32973,73.75616957034072
930,041546ab-8bdc-4989-9142-a7e73345655d,6,930,True,,33156,33000,76.02268001643824
931,041546ab-8bdc-4989-9142-a7e73345655d,6,931,True,,33192,33036,74.4350075083712
932,041546ab-8bdc-4989-9142-a7e73345655d,6,932,True,,33228,33072,74.33462465352204
933,041546ab-8bdc-4989-9142-a7e73345655d,6,933,True,,33259,33103,71.68281627824763
934,041546ab-8bdc-4989-9142-a7e73345655d,6,934,True,,33293,33137,120.65637446702749
935,041546ab-8bdc-4989-9142-a7e73345655d,6,935,True,,33338,33182,85.44699777562346
936,041546ab-8bdc-4989-9142-a7e73345655d,6,936,True,,33376,33220,73.44836636988475
937,041546ab-8bdc-4989-9142-a7e73345655d,6,937,True,,33418,33262,91.77950857460382
938,041546ab-8bdc-4989-9142-a7e73345655d,6,938,True,,33456,33300,87.0279104108995
939,041546ab-8bdc-4989-9142-a7e73345655d,6,939,True,,33487,33331,109.5652086353657
940,041546ab-8bdc-4989-9142-a7e73345655d,6,940,True,,33524,33368,119.7630387005629
941,041546ab-8bdc-4989-9142-a7e73345655d,6,941,True,,33551,33395,85.99337873611512
942,041546ab-8bdc-4989-9142-a7e73345655d,6,942,True,,33586,33430,154.11837512681814
943,041546ab-8bdc-4989-9142-a7e73345655d,6,943,True,,33613,33457,147.03155326476553
944,041546ab-8bdc-4989-9142-a7e73345655d,6,944,True,,33653,33497,134.94853273998888
945,041546ab-8bdc-4989-9142-a7e73345655d,6,945,True,,33678,33522,90.09467327076709
946,041546ab-8bdc-4989-9142-a7e73345655d,6,946,True,,33726,33570,77.00762131877127
947,041546ab-8bdc-4989-9142-a7e73345655d,6,947,True,,33765,33609,74.00937571575196
948,041546ab-8bdc-4989-9142-a7e73345655d,6,948,True,,33802,33646,72.64644004168076
949,041546ab-8bdc-4989-9142-a7e73345655d,6,949,True,,33840,33684,75.70085246124654
950,041546ab-8bdc-4989-9142-a7e73345655d,6,950,True,,33878,33722,85.90197139653901
951,041546ab-8bdc-4989-9142-a7e73345655d,6,951,True,,33918,33762,70.7518430069249
952,041546ab-8bdc-4989-9142-a7e73345655d,6,952,True,,33963,33807,73.94745408399467
953,041546ab-8bdc-4989-9142-a7e73345655d,6,953,True,,33999,33843,87.04219697356893
954,041546ab-8bdc-4989-9142-a7e73345655d,6,954,True,,34031,33875,73.15927108326287
955,041546ab-8bdc-4989-9142-a7e73345655d,6,955,True,,34068,33912,79.39473208691925
956,041546ab-8bdc-4989-9142-a7e73345655d,6,956,True,,34096,33940,106.05752385724918
957,041546ab-8bdc-4989-9142-a7e73345655d,6,957,True,,34129,33973,106.40562539767416
958,041546ab-8bdc-4989-9142-a7e73345655d,6,958,True,,34167,34011,114.12709313522646
959,041546ab-8bdc-4989-9142-a7e73345655d,6,959,True,,34206,34050,108.9126306048347
960,041546ab-8bdc-4989-9142-a7e73345655d,6,960,True,,34245,34089,121.54116336337029
961,041546ab-8bdc-4989-9142-a7e73345655d,6,961,True,,34277,34121,76.04695480113878
962,041546ab-8bdc-4989-9142-a7e73345655d,6,962,True,,34312,34156,69.8184936755788
963,041546ab-8bdc-4989-9142-a7e73345655d,6,963,True,,34358,34202,76.34149296977557
964,041546ab-8bdc-4989-9142-a7e73345655d,6,964,True,,34390,34234,74.36955526084785
965,041546ab-8bdc-4989-9142-a7e73345655d,6,965,True,,34423,34267,71.07214884791756
966,041546ab-8bdc-4989-9142-a7e73345655d,6,966,True,,34462,34306,83.1263515433966
967,041546ab-8bdc-4989-9142-a7e73345655d,6,967,False,2.0,34495,34339,58.93531962252746
968,041546ab-8bdc-4989-9142-a7e73345655d,6,968,True,,34529,34373,74.58920814083103
969,041546ab-8bdc-4989-9142-a7e73345655d,6,969,True,,34573,34417,74.35979378590855
970,041546ab-8bdc-4989-9142-a7e73345655d,6,970,True,,34602,34446,81.01086527029838
971,041546ab-8bdc-4989-9142-a7e73345655d,6,971,True,,34640,34484,78.70690223075508
972,041546ab-8bdc-4989-9142-a7e73345655d,6,972,True,,34673,34517,75.16218417618074
973,041546ab-8bdc-4989-9142-a7e73345655d,6,973,True,,34707,34551,78.29299024638021
974,041546ab-8bdc-4989-9142-a7e73345655d,6,974,True,,34746,34590,80.49110741698678
975,041546ab-8bdc-4989-9142-a7e73345655d,6,975,True,,34779,34623,68.23313786502695
976,041546ab-8bdc-4989-9142-a7e73345655d,6,976,True,,34818,34662,74.15451476017188
977,041546ab-8bdc-4989-9142-a7e73345655d,6,977,True,,34853,34697,80.40150699892547
978,041546ab-8bdc-4989-9142-a7e73345655d,6,978,True,,34887,34731,136.34156348085526
979,041546ab-8bdc-4989-9142-a7e73345655d,6,979,True,,34916,34760,113.80554969589866
980,041546ab-8bdc-4989-9142-a7e73345655d,6,980,True,,34956,34800,126.1998961697318
981,041546ab-8bdc-4989-9142-a7e73345655d,6,981,True,,34988,34832,89.00081735647836
982,041546ab-8bdc-4989-9142-a7e73345655d,6,982,False,2.0,35020,34864,61.10604560621141
983,041546ab-8bdc-4989-9142-a7e73345655d,6,983,True,,35057,34901,88.10755514961784
984,041546ab-8bdc-4989-9142-a7e73345655d,6,984,True,,35108,34952,73.15986805720604
985,041546ab-8bdc-4989-9142-a7e73345655d,6,985,True,,35142,34986,80.90945532455953
986,041546ab-8bdc-4989-9142-a7e73345655d,6,986,True,,35178,35022,124.26773015304934
987,041546ab-8bdc-4989-9142-a7e73345655d,6,987,True,,35215,35059,70.10357896360074
988,041546ab-8bdc-4989-9142-a7e73345655d,6,988,True,,35250,35094,75.47831912014954
989,041546ab-8bdc-4989-9142-a7e73345655d,6,989,True,,35281,35125,124.27389730922005
990,041546ab-8bdc-4989-9142-a7e73345655d,6,990,True,,35304,35148,91.1681667274388
991,041546ab-8bdc-4989-9142-a7e73345655d,6,991,True,,35341,35185,70.08579963429656
992,041546ab-8bdc-4989-9142-a7e73345655d,6,992,True,,35378,35222,106.83106920609134
993,041546ab-8bdc-4989-9142-a7e73345655d,6,993,True,,35413,35257,90.38818088419066
994,041546ab-8bdc-4989-9142-a7e73345655d,6,994,True,,35448,35292,103.41204556802404
995,041546ab-8bdc-4989-9142-a7e73345655d,6,995,True,,35486,35330,82.92644223598472
996,041546ab-8bdc-4989-9142-a7e73345655d,6,996,True,,35524,35368,74.10017416788469
997,041546ab-8bdc-4989-9142-a7e73345655d,6,997,True,,35558,35402,70.91768725811562
998,041546ab-8bdc-4989-9142-a7e73345655d,6,998,True,,35593,35437,68.40386409047642
999,041546ab-8bdc-4989-9142-a7e73345655d,6,999,True,,35638,35482,134.81673565813253
1000,66a43b4b-203e-47c5-9ab1-e3173c2f55fb,7,1000,True,,212,36,121.74781770029699
1001,66a43b4b-203e-47c5-9ab1-e3173c2f55fb,7,1001,True,,240,64,78.56083582390471
1002,66a43b4b-203e-47c5-9ab1-e3173c2f55fb,7,1002,True,,268,92,85.37974205249395
1003,66a43b4b-203e-47c5-9ab1-e3173c2f55fb,7,1003,True,,316,140,86.81157899661079
1004,66a43b4b-203e-47c5-9ab1-e3173c2f55fb,7,1004,True,,351,175,78.67053668310871
1005,66a43b4b-203e-47c5-9ab1-e3173c2f55fb,7,1005,True,,388,212,125.89749844326025
1006,66a43b4b-203e-47c5-9ab1-e3173c2f55fb,7,1006,True,,420,244,123.30677285803404
1007,66a43b4b-203e-47c5-9ab1-e3173c2f55fb,7,1007,True,,461,285,118.97055606205515
1008,66a43b4b-203e-47c5-9ab1-e3173c2f55fb,7,1008,True,,497,321,96.79004371075587
1009,66a43b4b-203e-47c5-9ab1-e3173c2f55fb,7,1009,True,,534,358,89.74268467279023
1010,66a43b4b-203e-47c5-9ab1-e3173c2f55fb,7,1010,True,,576,400,77.54476887147064
1011,66a43b4b-203e-47c5-9ab1-e3173c2f55fb,7,1011,True,,606,430,76.11048034861972
1012,66a43b4b-203e-47c5-9ab1-e3173c2f55fb,7,1012,True,,649,473,81.47389673495286
1013,66a43b4b-203e-47c5-9ab1-e3173c2f55fb,7,1013,True,,684,508,87.15881859460717
1014,66a43b4b-203e-47c5-9ab1-e3173c2f55fb,7,1014,True,,723,547,78.45852562971379
1015,66a43b4b-203e-47c5-9ab1-e3173c2f55fb,7,1015,True,,762,586,94.6838333352232
1016,66a43b4b-203e-47c5-9ab1-e3173c2f55fb,7,1016,True,,794,618,112.69462836207833
1017,66a43b4b-203e-47c5-9ab1-e3173c2f55fb,7,1017,True,,836,660,114.44303240768613
1018,66a43b4b-203e-47c5-9ab1-e3173c2f55fb,7,1018,True,,875,699,88.75024089669648
1019,66a43b4b-203e-47c5-9ab1-e3173c2f55fb,7,1019,True,,907,731,83.79806262906754
1020,66a43b4b-203e-47c5-9ab1-e3173c2f55fb,7,1020,True,,947,771,97.1459138100189
1021,66a43b4b-203e-47c5-9ab1-e3173c2f55fb,7,1021,True,,987,811,84.31094408189324
1022,66a43b4b-203e-47c5-9ab1-e3173c2f55fb,7,1022,True,,1027,851,85.69716705410042
1023,66a43b4b-203e-47c5-9ab1-e3173c2f55fb,7,1023,True,,1066,890,87.72963559292282
1024,66a43b4b-203e-47c5-9ab1-e3173c2f55fb,7,1024,True,,1109,933,89.58761368467788
1025,66a43b4b-203e-47c5-9ab1-e3173c2f55fb,7,1025,True,,1135,959,82.77728623129724
1026,66a43b4b-203e-47c5-9ab1-e3173c2f55fb,7,1026,True,,1160,984,79.57830597463453
1027,66a43b4b-203e-47c5-9ab1-e3173c2f55fb,7,1027,True,,1194,1018,79.45861282388864
1028,66a43b4b-203e-47c5-9ab1-e3173c2f55fb,7,1028,True,,1227,1051,78.9465505763676
1029,66a43b4b-203e-47c5-9ab1-e3173c2f55fb,7,1029,True,,1263,1087,85.90754557828768
1030,66a43b4b-203e-47c5-9ab1-e3173c2f55fb,7,1030,True,,1288,1112,90.62903324087733
1031,66a43b4b-203e-47c5-9ab1-e3173c2f55fb,7,1031,False,2.0,1329,1153,56.88000000000011
1032,66a43b4b-203e-47c5-9ab1-e3173c2f55fb,7,1032,True,,1351,1175,104.14067430020646
1033,66a43b4b-203e-47c5-9ab1-e3173c2f55fb,7,1033,True,,1385,1209,83.31440641415224
1034,66a43b4b-203e-47c5-9ab1-e3173c2f55fb,7,1034,True,,1416,1240,77.35349510532296
1035,66a43b4b-203e-47c5-9ab1-e3173c2f55fb,7,1035,True,,1450,1274,122.21555244420074
1036,66a43b4b-203e-47c5-9ab1-e3173c2f55fb,7,1036,True,,1482,1306,129.35155531557416
1037,66a43b4b-203e-47c5-9ab1-e3173c2f55fb,7,1037,True,,1512,1336,85.95621324974036
1038,66a43b4b-203e-47c5-9ab1-e3173c2f55fb,7,1038,True,,1545,1369,84.08445481852846
1039,66a43b4b-203e-47c5-9ab1-e3173c2f55fb,7,1039,True,,1573,1397,81.50868891497021
1040,66a43b4b-203e-47c5-9ab1-e3173c2f55fb,7,1040,True,,1609,1433,115.7208451368399
1041,66a43b4b-203e-47c5-9ab1-e3173c2f55fb,7,1041,True,,1646,1470,126.82838058200605
1042,66a43b4b-203e-47c5-9ab1-e3173c2f55fb,7,1042,True,,1671,1495,119.95569630316186
1043,66a43b4b-203e-47c5-9ab1-e3173c2f55fb,7,1043,True,,1702,1526,157.81594915559958
1044,66a43b4b-203e-47c5-9ab1-e3173c2f55fb,7,1044,True,,1744,1568,163.05236673528862
1045,66a43b4b-203e-47c5-9ab1-e3173c2f55fb,7,1045,True,,1781,1605,139.98763632660894
1046,66a43b4b-203e-47c5-9ab1-e3173c2f55fb,7,1046,True,,1809,1633,84.78850428630199
1047,66a43b4b-203e-47c5-9ab1-e3173c2f55fb,7,1047,True,,1840,1664,94.11688529315961
1048,66a43b4b-203e-47c5-9ab1-e3173c2f55fb,7,1048,True,,1872,1696,94.61900273897913
1049,66a43b4b-203e-47c5-9ab1-e3173c2f55fb,7,1049,True,,1910,1734,81.01484598728598
1050,66a43b4b-203e-47c5-9ab1-e3173c2f55fb,7,1050,True,,1950,1774,80.44014119378744
1051,66a43b4b-203e-47c5-9ab1-e3173c2f55fb,7,1051,True,,1972,1796,98.10683641712899
1052,66a43b4b-203e-47c5-9ab1-e3173c2f55fb,7,1052,True,,2011,1835,89.56358029853413
1053,66a43b4b-203e-47c5-9ab1-e3173c2f55fb,7,1053,True,,2054,1878,93.74969112112603
1054,66a43b4b-203e-47c5-9ab1-e3173c2f55fb,7,1054,True,,2085,1909,76.25109604264344
1055,66a43b4b-203e-47c5-9ab1-e3173c2f55fb,7,1055,True,,2117,1941,89.96105505161881
1056,66a43b4b-203e-47c5-9ab1-e3173c2f55fb,7,1056,True,,2150,1974,83.49062698339776
1057,66a43b4b-203e-47c5-9ab1-e3173c2f55fb,7,1057,True,,2193,2017,77.00732828323316
1058,66a43b4b-203e-47c5-9ab1-e3173c2f55fb,7,1058,True,,2227,2051,154.55342652639183
1059,66a43b4b-203e-47c5-9ab1-e3173c2f55fb,7,1059,True,,2253,2077,86.55667554215006
1060,66a43b4b-203e-47c5-9ab1-e3173c2f55fb,7,1060,True,,2289,2113,148.08317774993657
1061,66a43b4b-203e-47c5-9ab1-e3173c2f55fb,7,1061,True,,2327,2151,92.01178536426414
1062,66a43b4b-203e-47c5-9ab1-e3173c2f55fb,7,1062,True,,2367,2191,91.43870794959776
1063,66a43b4b-203e-47c5-9ab1-e3173c2f55fb,7,1063,True,,2416,2240,85.39791253354633
1064,66a43b4b-203e-47c5-9ab1-e3173c2f55fb,7,1064,True,,2448,2272,86.84995501978256
1065,66a43b4b-203e-47c5-9ab1-e3173c2f55fb,7,1065,True,,2489,2313,75.34474461446644
1066,66a43b4b-203e-47c5-9ab1-e3173c2f55fb,7,1066,True,,2511,2335,87.24187723840396
1067,66a43b4b-203e-47c5-9ab1-e3173c2f55fb,7,1067,True,,2561,2385,75.45248449924611
1068,66a43b4b-203e-47c5-9ab1-e3173c2f55fb,7,1068,True,,2595,2419,78.29191127345985
1069,66a43b4b-203e-47c5-9ab1-e3173c2f55fb,7,1069,True,,2625,2449,87.51113025201857
1070,66a43b4b-203e-47c5-9ab1-e3173c2f55fb,7,1070,True,,2658,2482,81.68055981384941
1071,66a43b4b-203e-47c5-9ab1-e3173c2f55fb,7,1071,True,,2699,2523,87.9905804935097
1072,66a43b4b-203e-47c5-9ab1-e3173c2f55fb,7,1072,True,,2729,2553,88.05871077474058
1073,66a43b4b-203e-47c5-9ab1-e3173c2f55fb,7,1073,True,,2764,2588,75.64622316712303
1074,66a43b4b-203e-47c5-9ab1-e3173c2f55fb,7,1074,True,,2794,2618,82.81558688905125
1075,66a43b4b-203e-47c5-9ab1-e3173c2f55fb,7,1075,True,,2832,2656,79.0750484957307
1076,66a43b4b-203e-47c5-9ab1-e3173c2f55fb,7,1076,True,,2860,2684,164.55237318825493
1077,66a43b4b-203e-47c5-9ab1-e3173c2f55fb,7,1077,True,,2900,2724,143.90905650277318
1078,66a43b4b-203e-47c5-9ab1-e3173c2f55fb,7,1078,True,,2938,2762,118.04412784662236
1079,66a43b4b-203e-47c5-9ab1-e3173c2f55fb,7,1079,True,,2978,2802,119.251291288635
1080,66a43b4b-203e-47c5-9ab1-e3173c2f55fb,7,1080,True,,3022,2846,89.85075662979261
1081,66a43b4b-203e-47c5-9ab1-e3173c2f55fb,7,1081,True,,3055,2879,86.46475481021844
1082,66a43b4b-203e-47c5-9ab1-e3173c2f55fb,7,1082,True,,3082,2906,102.89722992305587
1083,66a43b4b-203e-47c5-9ab1-e3173c2f55fb,7,1083,True,,3113,2937,84.09684406905671
1084,66a43b4b-203e-47c5-9ab1-e3173c2f55fb,7,1084,True,,3146,2970,127.81120560329236
1085,66a43b4b-203e-47c5-9ab1-e3173c2f55fb,7,1085,True,,3174,2998,87.59296374238829
1086,66a43b4b-203e-47c5-9ab1-e3173c2f55fb,7,1086,True,,3210,3034,79.32316423004795
1087,66a43b4b-203e-47c5-9ab1-e3173c2f55fb,7,1087,True,,3246,3070,114.4152237175258
1088,66a43b4b-203e-47c5-9ab1-e3173c2f55fb,7,1088,True,,3285,3109,94.86944285925392
1089,66a43b4b-203e-47c5-9ab1-e3173c2f55fb,7,1089,True,,3326,3150,91.54430592783228
1090,66a43b4b-203e-47c5-9ab1-e3173c2f55fb,7,1090,True,,3354,3178,120.46343203674587
1091,66a43b4b-203e-47c5-9ab1-e3173c2f55fb,7,1091,True,,3381,3205,142.74534885355024
1092,66a43b4b-203e-47c5-9ab1-e3173c2f55fb,7,1092,True,,3422,3246,115.37527860036653
1093,66a43b4b-203e-47c5-9ab1-e3173c2f55fb,7,1093,True,,3455,3279,144.30883815450443
1094,66a43b4b-203e-47c5-9ab1-e3173c2f55fb,7,1094,True,,3498,3322,87.70912787577163
1095,66a43b4b-203e-47c5-9ab1-e3173c2f55fb,7,1095,True,,3543,3367,80.21920551037329
1096,66a43b4b-203e-47c5-9ab1-e3173c2f55fb,7,1096,True,,3584,3408,85.03641231659776
1097,66a43b4b-203e-47c5-9ab1-e3173c2f55fb,7,1097,True,,3618,3442,89.9848624662859
1098,66a43b4b-203e-47c5-9ab1-e3173c2f55fb,7,1098,True,,3642,3466,92.92171473705093
1099,66a43b4b-203e-47c5-9ab1-e3173c2f55fb,7,1099,True,,3673,3497,88.77634732918386
1100,66a43b4b-203e-47c5-9ab1-e3173c2f55fb,7,1100,True,,3713,3537,72.87768582238232
1101,66a43b4b-203e-47c5-9ab1-e3173c2f55fb,7,1101,True,,3761,3585,142.0224870760485
1102,66a43b4b-203e-47c5-9ab1-e3173c2f55fb,7,1102,True,,3813,3637,76.95307091123914
1103,66a43b4b-203e-47c5-9ab1-e3173c2f55fb,7,1103,True,,3846,3670,91.88920513076391
1104,66a43b4b-203e-47c5-9ab1-e3173c2f55fb,7,1104,True,,3876,3700,92.21087147305161
1105,66a43b4b-203e-47c5-9ab1-e3173c2f55fb,7,1105,True,,3914,3738,87.18232774507987
1106,66a43b4b-203e-47c5-9ab1-e3173c2f55fb,7,1106,True,,3951,3775,116.50498802390211
1107,66a43b4b-203e-47c5-9ab1-e3173c2f55fb,7,1107,True,,3993,3817,87.16544599310873
1108,66a43b4b-203e-47c5-9ab1-e3173c2f55fb,7,1108,True,,4027,3851,77.84940964914813
1109,66a43b4b-203e-47c5-9ab1-e3173c2f55fb,7,1109,True,,4058,3882,83.76004505985975
1110,66a43b4b-203e-47c5-9ab1-e3173c2f55fb,7,1110,True,,4104,3928,83.76977487469094
1111,66a43b4b-203e-47c5-9ab1-e3173c2f55fb,7,1111,True,,4139,3963,86.00482410933682
1112,66a43b4b-203e-47c5-9ab1-e3173c2f55fb,7,1112,True,,4178,4002,85.57638748228419
1113,66a43b4b-203e-47c5-9ab1-e3173c2f55fb,7,1113,True,,4206,4030,76.51727401897642
1114,66a43b4b-203e-47c5-9ab1-e3173c2f55fb,7,1114,True,,4244,4068,94.94179118417924
1115,66a43b4b-203e-47c5-9ab1-e3173c2f55fb,7,1115,True,,4280,4104,93.37995053374198
1116,66a43b4b-203e-47c5-9ab1-e3173c2f55fb,7,1116,True,,4316,4140,80.81155647961077
1117,66a43b4b-203e-47c5-9ab1-e3173c2f55fb,7,1117,True,,4341,4165,169.6646817980518
1118,66a43b4b-203e-47c5-9ab1-e3173c2f55fb,7,1118,False,2.0,4383,4207,57.88000000000011
1119,66a43b4b-203e-47c5-9ab1-e3173c2f55fb,7,1119,True,,4419,4243,138.39114539267393
1120,66a43b4b-203e-47c5-9ab1-e3173c2f55fb,7,1120,True,,4440,4264,165.57399074675686
1121,66a43b4b-203e-47c5-9ab1-e3173c2f55fb,7,1121,True,,4475,4299,95.4387194934061
1122,66a43b4b-203e-47c5-9ab1-e3173c2f55fb,7,1122,True,,4518,4342,74.50983021572847
1123,66a43b4b-203e-47c5-9ab1-e3173c2f55fb,7,1123,True,,4569,4393,91.80949366848472
1124,66a43b4b-203e-47c5-9ab1-e3173c2f55fb,7,1124,True,,4606,4430,82.79969517761037
1125,66a43b4b-203e-47c5-9ab1-e3173c2f55fb,7,1125,True,,4641,4465,88.78934559497884
1126,66a43b4b-203e-47c5-9ab1-e3173c2f55fb,7,1126,True,,4666,4490,82.76594316362116
1127,66a43b4b-203e-47c5-9ab1-e3173c2f55fb,7,1127,True,,4706,4530,82.4018020408912
1128,66a43b4b-203e-47c5-9ab1-e3173c2f55fb,7,1128,True,,4741,4565,77.18172552906344
1129,66a43b4b-203e-47c5-9ab1-e3173c2f55fb,7,1129,True,,4772,4596,81.01133817540449
1130,66a43b4b-203e-47c5-9ab1-e3173c2f55fb,7,1130,True,,4811,4635,85.91743053338996
1131,66a43b4b-203e-47c5-9ab1-e3173c2f55fb,7,1131,True,,4848,4672,92.79639565344587
1132,66a43b4b-203e-47c5-9ab1-e3173c2f55fb,7,1132,True,,4884,4708,78.99927956441934
1133,66a43b4b-203e-47c5-9ab1-e3173c2f55fb,7,1133,True,,4930,4754,136.51997461974224
1134,66a43b4b-203e-47c5-9ab1-e3173c2f55fb,7,1134,True,,4968,4792,120.23890623964326
1135,66a43b4b-203e-47c5-9ab1-e3173c2f55fb,7,1135,True,,5000,4824,118.69051055674572
1136,66a43b4b-203e-47c5-9ab1-e3173c2f55fb,7,1136,True,,5040,4864,90.36907498648179
1137,66a43b4b-203e-47c5-9ab1-e3173c2f55fb,7,1137,True,,5074,4898,85.20472250707462
1138,66a43b4b-203e-47c5-9ab1-e3173c2f55fb,7,1138,True,,5109,4933,90.61715238735542
1139,66a43b4b-203e-47c5-9ab1-e3173c2f55fb,7,1139,True,,5136,4960,79.93121648421038
1140,66a43b4b-203e-47c5-9ab1-e3173c2f55fb,7,1140,True,,5170,4994,80.19689574769382
1141,66a43b4b-203e-47c5-9ab1-e3173c2f55fb,7,1141,True,,5211,5035,79.65482739561958
1142,66a43b4b-203e-47c5-9ab1-e3173c2f55fb,7,1142,True,,5245,5069,80.48253045412184
1143,66a43b4b-203e-47c5-9ab1-e3173c2f55fb,7,1143,True,,5282,5106,87.9137103435869
1144,66a43b4b-203e-47c5-9ab1-e3173c2f55fb,7,1144,True,,5323,5147,76.23669021270325
1145,66a43b4b-203e-47c5-9ab1-e3173c2f55fb,7,1145,True,,5360,5184,91.88356961436239
1146,66a43b4b-203e-47c5-9ab1-e3173c2f55fb,7,1146,True,,5398,5222,83.07830144607942
1147,66a43b4b-203e-47c5-9ab1-e3173c2f55fb,7,1147,True,,5428,5252,84.02711072568036
1148,66a43b4b-203e-47c5-9ab1-e3173c2f55fb,7,1148,True,,5455,5279,75.65822746793128
1149,66a43b4b-203e-47c5-9ab1-e3173c2f55fb,7,1149,True,,5485,5309,78.81689719710903
1150,66a43b4b-203e-47c5-9ab1-e3173c2f55fb,7,1150,True,,5504,5328,94.1585450735065
1151,66a43b4b-203e-47c5-9ab1-e3173c2f55fb,7,1151,True,,5547,5371,76.41168999495858
1152,66a43b4b-203e-47c5-9ab1-e3173c2f55fb,7,1152,True,,5596,5420,84.46271956848705
1153,66a43b4b-203e-47c5-9ab1-e3173c2f55fb,7,1153,True,,5631,5455,78.41210968056566
1154,66a43b4b-203e-47c5-9ab1-e3173c2f55fb,7,1154,True,,5667,5491,78.54933468670697
1155,66a43b4b-203e-47c5-9ab1-e3173c2f55fb,7,1155,True,,5699,5523,85.4694155062707
1156,66a43b4b-203e-47c5-9ab1-e3173c2f55fb,7,1156,True,,5743,5567,79.12880637186572
1157,66a43b4b-203e-47c5-9ab1-e3173c2f55fb,7,1157,True,,5784,5608,128.48021996486204
1158,66a43b4b-203e-47c5-9ab1-e3173c2f55fb,7,1158,True,,5820,5644,80.58903351109711
1159,66a43b4b-203e-47c5-9ab1-e3173c2f55fb,7,1159,True,,5857,5681,77.61074305688908
1160,66a43b4b-203e-47c5-9ab1-e3173c2f55fb,7,1160,True,,5890,5714,93.24583227438598
1161,66a43b4b-203e-47c5-9ab1-e3173c2f55fb,7,1161,True,,5920,5744,174.39041168421954
1162,66a43b4b-203e-47c5-9ab1-e3173c2f55fb,7,1162,True,,5956,5780,93.70679176481735
1163,66a43b4b-203e-47c5-9ab1-e3173c2f55fb,7,1163,True,,5989,5813,91.8539682045066
1164,66a43b4b-203e-47c5-9ab1-e3173c2f55fb,7,1164,True,,6030,5854,84.5181506255849
1165,66a43b4b-203e-47c5-9ab1-e3173c2f55fb,7,1165,True,,6066,5890,90.88247111111195
1166,66a43b4b-203e-47c5-9ab1-e3173c2f55fb,7,1166,True,,6100,5924,84.73583379750107
1167,66a43b4b-203e-47c5-9ab1-e3173c2f55fb,7,1167,True,,6128,5952,152.94743251359523
1168,66a43b4b-203e-47c5-9ab1-e3173c2f55fb,7,1168,True,,6164,5988,105.1792878433007
1169,66a43b4b-203e-47c5-9ab1-e3173c2f55fb,7,1169,True,,6219,6043,126.09358825531399
1170,66a43b4b-203e-47c5-9ab1-e3173c2f55fb,7,1170,True,,6251,6075,105.49280498843382
1171,66a43b4b-203e-47c5-9ab1-e3173c2f55fb,7,1171,True,,6282,6106,125.69109638900864
1172,66a43b4b-203e-47c5-9ab1-e3173c2f55fb,7,1172,True,,6312,6136,81.93237730675992
1173,66a43b4b-203e-47c5-9ab1-e3173c2f55fb,7,1173,True,,6352,6176,81.20151758193424
1174,66a43b4b-203e-47c5-9ab1-e3173c2f55fb,7,1174,True,,6386,6210,84.73750310609648
1175,66a43b4b-203e-47c5-9ab1-e3173c2f55fb,7,1175,True,,6418,6242,75.81121840186461
1176,66a43b4b-203e-47c5-9ab1-e3173c2f55fb,7,1176,True,,6460,6284,111.1990104997476
1177,66a43b4b-203e-47c5-9ab1-e3173c2f55fb,7,1177,True,,6493,6317,91.90318892921005
1178,66a43b4b-203e-47c5-9ab1-e3173c2f55fb,7,1178,True,,6533,6357,86.78345854072722
1179,66a43b4b-203e-47c5-9ab1-e3173c2f55fb,7,1179,True,,6570,6394,84.11809542146966
1180,66a43b4b-203e-47c5-9ab1-e3173c2f55fb,7,1180,True,,6595,6419,145.26534073682433
1181,66a43b4b-203e-47c5-9ab1-e3173c2f55fb,7,1181,True,,6634,6458,127.81660009278858
1182,66a43b4b-203e-47c5-9ab1-e3173c2f55fb,7,1182,True,,6675,6499,128.01000827980351
1183,66a43b4b-203e-47c5-9ab1-e3173c2f55fb,7,1183,True,,6724,6548,93.91884820774794
1184,66a43b4b-203e-47c5-9ab1-e3173c2f55fb,7,1184,True,,6755,6579,116.296639343891
1185,66a43b4b-203e-47c5-9ab1-e3173c2f55fb,7,1185,True,,6787,6611,98.06579193031666
1186,66a43b4b-203e-47c5-9ab1-e3173c2f55fb,7,1186,True,,6828,6652,103.59673900784037
1187,66a43b4b-203e-47c5-9ab1-e3173c2f55fb,7,1187,True,,6864,6688,94.83149812554893
1188,66a43b4b-203e-47c5-9ab1-e3173c2f55fb,7,1188,True,,6897,6721,76.14577308174921
1189,66a43b4b-203e-47c5-9ab1-e3173c2f55fb,7,1189,True,,6939,6763,102.19021745385726
1190,66a43b4b-203e-47c5-9ab1-e3173c2f55fb,7,1190,True,,6979,6803,125.884391716756
1191,66a43b4b-203e-47c5-9ab1-e3173c2f55fb,7,1191,True,,7025,6849,98.78002632113657
1192,66a43b4b-203e-47c5-9ab1-e3173c2f55fb,7,1192,True,,7056,6880,84.56886447810575
1193,66a43b4b-203e-47c5-9ab1-e3173c2f55fb,7,1193,True,,7086,6910,79.23057943887852
1194,66a43b4b-203e-47c5-9ab1-e3173c2f55fb,7,1194,True,,7119,6943,84.0645600483358
1195,66a43b4b-203e-47c5-9ab1-e3173c2f55fb,7,1195,True,,7162,6986,80.92222088076687
1196,66a43b4b-203e-47c5-9ab1-e3173c2f55fb,7,1196,True,,7202,7026,87.09378570918125
1197,66a43b4b-203e-47c5-9ab1-e3173c2f55fb,7,1197,True,,7251,7075,80.20950417703989
1198,66a43b4b-203e-47c5-9ab1-e3173c2f55fb,7,1198,True,,7285,7109,87.38688717947844
1199,66a43b4b-203e-47c5-9ab1-e3173c2f55fb,7,1199,True,,7326,7150,80.31616229929296
1200,66a43b4b-203e-47c5-9ab1-e3173c2f55fb,7,1200,True,,7360,7184,88.28393054614571
1201,66a43b4b-203e-47c5-9ab1-e3173c2f55fb,7,1201,True,,7403,7227,78.5622585776955
1202,66a43b4b-203e-47c5-9ab1-e3173c2f55fb,7,1202,True,,7438,7262,79.55894394252118
1203,66a43b4b-203e-47c5-9ab1-e3173c2f55fb,7,1203,True,,7477,7301,117.09527054856608
1204,66a43b4b-203e-47c5-9ab1-e3173c2f55fb,7,1204,True,,7500,7324,81.31729711652497
1205,66a43b4b-203e-47c5-9ab1-e3173c2f55fb,7,1205,True,,7529,7353,143.01447986159383
1206,66a43b4b-203e-47c5-9ab1-e3173c2f55fb,7,1206,True,,7566,7390,119.58561657437258
1207,66a43b4b-203e-47c5-9ab1-e3173c2f55fb,7,1207,True,,7594,7418,91.58561657437258
1208,66a43b4b-203e-47c5-9ab1-e3173c2f55fb,7,1208,True,,7623,7447,148.67852493355986
1209,66a43b4b-203e-47c5-9ab1-e3173c2f55fb,7,1209,True,,7655,7479,102.95403279532911
1210,66a43b4b-203e-47c5-9ab1-e3173c2f55fb,7,1210,True,,7694,7518,94.0175689222151
1211,66a43b4b-203e-47c5-9ab1-e3173c2f55fb,7,1211,True,,7725,7549,91.78023179538741
1212,66a43b4b-203e-47c5-9ab1-e3173c2f55fb,7,1212,True,,7762,7586,141.14753460312568
1213,66a43b4b-203e-47c5-9ab1-e3173c2f55fb,7,1213,True,,7807,7631,84.49972975988749
1214,66a43b4b-203e-47c5-9ab1-e3173c2f55fb,7,1214,True,,7846,7670,111.57846245390374
1215,66a43b4b-203e-47c5-9ab1-e3173c2f55fb,7,1215,True,,7883,7707,88.01409669233635
1216,66a43b4b-203e-47c5-9ab1-e3173c2f55fb,7,1216,True,,7915,7739,95.04772857384796
1217,66a43b4b-203e-47c5-9ab1-e3173c2f55fb,7,1217,True,,7953,7777,85.6449387683133
1218,66a43b4b-203e-47c5-9ab1-e3173c2f55fb,7,1218,True,,7993,7817,75.84028422230767
1219,66a43b4b-203e-47c5-9ab1-e3173c2f55fb,7,1219,True,,8025,7849,110.20399827885467
1220,66a43b4b-203e-47c5-9ab1-e3173c2f55fb,7,1220,True,,8064,7888,96.1737509032464
1221,66a43b4b-203e-47c5-9ab1-e3173c2f55fb,7,1221,True,,8087,7911,94.29690904225754
1222,66a43b4b-203e-47c5-9ab1-e3173c2f55fb,7,1222,True,,8135,7959,104.08625842282163
1223,66a43b4b-203e-47c5-9ab1-e3173c2f55fb,7,1223,True,,8174,7998,87.03068488840745
1224,66a43b4b-203e-47c5-9ab1-e3173c2f55fb,7,1224,True,,8204,8028,82.8036101581074
1225,66a43b4b-203e-47c5-9ab1-e3173c2f55fb,7,1225,True,,8244,8068,88.16048018234596
1226,66a43b4b-203e-47c5-9ab1-e3173c2f55fb,7,1226,True,,8276,8100,85.79624086867807
1227,66a43b4b-203e-47c5-9ab1-e3173c2f55fb,7,1227,True,,8300,8124,86.07424256939339
1228,66a43b4b-203e-47c5-9ab1-e3173c2f55fb,7,1228,True,,8327,8151,83.01524267933382
1229,66a43b4b-203e-47c5-9ab1-e3173c2f55fb,7,1229,True,,8367,8191,84.91903272646596
1230,66a43b4b-203e-47c5-9ab1-e3173c2f55fb,7,1230,True,,8401,8225,83.05847526319667
1231,66a43b4b-203e-47c5-9ab1-e3173c2f55fb,7,1231,True,,8435,8259,82.16963546329316
1232,66a43b4b-203e-47c5-9ab1-e3173c2f55fb,7,1232,True,,8465,8289,90.997127978746
1233,66a43b4b-203e-47c5-9ab1-e3173c2f55fb,7,1233,True,,8496,8320,136.32270903866993
1234,66a43b4b-203e-47c5-9ab1-e3173c2f55fb,7,1234,True,,8533,8357,85.58711623546878
1235,66a43b4b-203e-47c5-9ab1-e3173c2f55fb,7,1235,True,,8565,8389,108.41288137621814
1236,66a43b4b-203e-47c5-9ab1-e3173c2f55fb,7,1236,True,,8602,8426,117.49066857072648
1237,66a43b4b-203e-47c5-9ab1-e3173c2f55fb,7,1237,True,,8640,8464,92.02732951334292
1238,66a43b4b-203e-47c5-9ab1-e3173c2f55fb,7,1238,True,,8671,8495,82.99302669664394
1239,66a43b4b-203e-47c5-9ab1-e3173c2f55fb,7,1239,True,,8710,8534,92.905974867841
1240,66a43b4b-203e-47c5-9ab1-e3173c2f55fb,7,1240,True,,8742,8566,120.44100120366966
1241,66a43b4b-203e-47c5-9ab1-e3173c2f55fb,7,1241,True,,8779,8603,97.16231804797462
1242,66a43b4b-203e-47c5-9ab1-e3173c2f55fb,7,1242,True,,8828,8652,88.52447870370452
1243,66a43b4b-203e-47c5-9ab1-e3173c2f55fb,7,1243,True,,8858,8682,94.88572730215856
1244,66a43b4b-203e-47c5-9ab1-e3173c2f55fb,7,1244,True,,8897,8721,127.93295025410407
1245,66a43b4b-203e-47c5-9ab1-e3173c2f55fb,7,1245,True,,8931,8755,114.9942310591614
1246,66a43b4b-203e-47c5-9ab1-e3173c2f55fb,7,1246,True,,8968,8792,112.95334789189837
1247,66a43b4b-203e-47c5-9ab1-e3173c2f55fb,7,1247,True,,9003,8827,91.50881050258249
1248,66a43b4b-203e-47c5-9ab1-e3173c2f55fb,7,1248,True,,9037,8861,81.55857370683043
1249,66a43b4b-203e-47c5-9ab1-e3173c2f55fb,7,1249,True,,9067,8891,91.20929071100363
1250,66a43b4b-203e-47c5-9ab1-e3173c2f55fb,7,1250,True,,9124,8948,89.56800535787261
1251,66a43b4b-203e-47c5-9ab1-e3173c2f55fb,7,1251,True,,9150,8974,84.69011388282524
1252,66a43b4b-203e-47c5-9ab1-e3173c2f55fb,7,1252,True,,9196,9020,85.90302444767258
1253,66a43b4b-203e-47c5-9ab1-e3173c2f55fb,7,1253,True,,9227,9051,93.73220565711563
1254,66a43b4b-203e-47c5-9ab1-e3173c2f55fb,7,1254,True,,9267,9091,78.98508884068178
1255,66a43b4b-203e-47c5-9ab1-e3173c2f55fb,7,1255,True,,9304,9128,74.99007068184255
1256,66a43b4b-203e-47c5-9ab1-e3173c2f55fb,7,1256,True,,9342,9166,81.70713359999718
1257,66a43b4b-203e-47c5-9ab1-e3173c2f55fb,7,1257,True,,9382,9206,122.43481885834444
1258,66a43b4b-203e-47c5-9ab1-e3173c2f55fb,7,1258,True,,9412,9236,81.12107831292815
1259,66a43b4b-203e-47c5-9ab1-e3173c2f55fb,7,1259,True,,9452,9276,72.94017724860896
1260,66a43b4b-203e-47c5-9ab1-e3173c2f55fb,7,1260,True,,9483,9307,77.5897903520563
1261,66a43b4b-203e-47c5-9ab1-e3173c2f55fb,7,1261,True,,9514,9338,92.11129580399574
1262,66a43b4b-203e-47c5-9ab1-e3173c2f55fb,7,1262,True,,9538,9362,89.95356883919885
1263,66a43b4b-203e-47c5-9ab1-e3173c2f55fb,7,1263,True,,9578,9402,86.55499176031117
1264,66a43b4b-203e-47c5-9ab1-e3173c2f55fb,7,1264,True,,9617,9441,75.42405228700773
1265,66a43b4b-203e-47c5-9ab1-e3173c2f55fb,7,1265,True,,9664,9488,85.55500257901804
1266,66a43b4b-203e-47c5-9ab1-e3173c2f55fb,7,1266,True,,9694,9518,84.19106291684147
1267,66a43b4b-203e-47c5-9ab1-e3173c2f55fb,7,1267,True,,9734,9558,82.94854169814425
1268,66a43b4b-203e-47c5-9ab1-e3173c2f55fb,7,1268,True,,9770,9594,80.58228413887628
1269,66a43b4b-203e-47c5-9ab1-e3173c2f55fb,7,1269,True,,9803,9627,85.852443615835
1270,66a43b4b-203e-47c5-9ab1-e3173c2f55fb,7,1270,True,,9840,9664,132.77400585608848
1271,66a43b4b-203e-47c5-9ab1-e3173c2f55fb,7,1271,True,,9871,9695,149.856946444821
1272,66a43b4b-203e-47c5-9ab1-e3173c2f55fb,7,1272,True,,9916,9740,93.9809468936528
1273,66a43b4b-203e-47c5-9ab1-e3173c2f55fb,7,1273,True,,9957,9781,92.40475615228024
1274,66a43b4b-203e-47c5-9ab1-e3173c2f55fb,7,1274,True,,9995,9819,90.72228603771691
1275,66a43b4b-203e-47c5-9ab1-e3173c2f55fb,7,1275,True,,10034,9858,84.27684119122387
1276,66a43b4b-203e-47c5-9ab1-e3173c2f55fb,7,1276,True,,10069,9893,80.86629366271336
1277,66a43b4b-203e-47c5-9ab1-e3173c2f55fb,7,1277,True,,10116,9940,80.72080777142037
1278,66a43b4b-203e-47c5-9ab1-e3173c2f55fb,7,1278,True,,10158,9982,90.08683356173606
1279,66a43b4b-203e-47c5-9ab1-e3173c2f55fb,7,1279,True,,10193,10017,88.4060315958759
1280,66a43b4b-203e-47c5-9ab1-e3173c2f55fb,7,1280,True,,10225,10049,121.18288498486982
1281,66a43b4b-203e-47c5-9ab1-e3173c2f55fb,7,1281,True,,10248,10072,86.14110132095266
1282,66a43b4b-203e-47c5-9ab1-e3173c2f55fb,7,1282,True,,10294,10118,95.40504946271358
1283,66a43b4b-203e-47c5-9ab1-e3173c2f55fb,7,1283,True,,10335,10159,86.80076422509046
1284,66a43b4b-203e-47c5-9ab1-e3173c2f55fb,7,1284,True,,10373,10197,80.08820658543664
1285,66a43b4b-203e-47c5-9ab1-e3173c2f55fb,7,1285,True,,10402,10226,109.45318924990715
1286,66a43b4b-203e-47c5-9ab1-e3173c2f55fb,7,1286,True,,10427,10251,128.15930296981787
1287,66a43b4b-203e-47c5-9ab1-e3173c2f55fb,7,1287,True,,10469,10293,99.65350988526916
1288,66a43b4b-203e-47c5-9ab1-e3173c2f55fb,7,1288,True,,10496,10320,88.79848382692035
1289,66a43b4b-203e-47c5-9ab1-e3173c2f55fb,7,1289,True,,10528,10352,80.19683450681259
1290,66a43b4b-203e-47c5-9ab1-e3173c2f55fb,7,1290,True,,10564,10388,114.66891189091075
1291,66a43b4b-203e-47c5-9ab1-e3173c2f55fb,7,1291,True,,10597,10421,135.7862906937262
1292,66a43b4b-203e-47c5-9ab1-e3173c2f55fb,7,1292,True,,10639,10463,80.49374029578212
1293,66a43b4b-203e-47c5-9ab1-e3173c2f55fb,7,1293,True,,10671,10495,88.12913715707327
1294,66a43b4b-203e-47c5-9ab1-e3173c2f55fb,7,1294,True,,10720,10544,83.85266414256876
1295,66a43b4b-203e-47c5-9ab1-e3173c2f55fb,7,1295,True,,10753,10577,117.36769146196639
1296,66a43b4b-203e-47c5-9ab1-e3173c2f55fb,7,1296,True,,10780,10604,77.88643479282473
1297,66a43b4b-203e-47c5-9ab1-e3173c2f55fb,7,1297,True,,10817,10641,80.6832850736755
1298,66a43b4b-203e-47c5-9ab1-e3173c2f55fb,7,1298,True,,10847,10671,114.14030054551222
1299,66a43b4b-203e-47c5-9ab1-e3173c2f55fb,7,1299,True,,10886,10710,96.22526915659
1300,66a43b4b-203e-47c5-9ab1-e3173c2f55fb,7,1300,True,,10929,10753,80.84158409668635
1301,66a43b4b-203e-47c5-9ab1-e3173c2f55fb,7,1301,True,,10964,10788,82.17169512274086
1302,66a43b4b-203e-47c5-9ab1-e3173c2f55fb,7,1302,True,,10993,10817,83.83883053513819
1303,66a43b4b-203e-47c5-9ab1-e3173c2f55fb,7,1303,True,,11022,10846,167.60495339355657
1304,66a43b4b-203e-47c5-9ab1-e3173c2f55fb,7,1304,True,,11053,10877,79.19907214703926
1305,66a43b4b-203e-47c5-9ab1-e3173c2f55fb,7,1305,True,,11082,10906,148.12348183803078
1306,66a43b4b-203e-47c5-9ab1-e3173c2f55fb,7,1306,True,,11122,10946,167.37220125969907
1307,66a43b4b-203e-47c5-9ab1-e3173c2f55fb,7,1307,True,,11158,10982,111.37354840761873
1308,66a43b4b-203e-47c5-9ab1-e3173c2f55fb,7,1308,True,,11184,11008,145.25248863238448
1309,66a43b4b-203e-47c5-9ab1-e3173c2f55fb,7,1309,True,,11215,11039,126.7069708538238
1310,66a43b4b-203e-47c5-9ab1-e3173c2f55fb,7,1310,True,,11242,11066,165.33502690381465
1311,66a43b4b-203e-47c5-9ab1-e3173c2f55fb,7,1311,True,,11278,11102,101.75800115152015
1312,66a43b4b-203e-47c5-9ab1-e3173c2f55fb,7,1312,True,,11309,11133,87.23858639242644
1313,66a43b4b-203e-47c5-9ab1-e3173c2f55fb,7,1313,True,,11343,11167,93.35222241602241
1314,66a43b4b-203e-47c5-9ab1-e3173c2f55fb,7,1314,True,,11381,11205,82.39164081343733
1315,66a43b4b-203e-47c5-9ab1-e3173c2f55fb,7,1315,True,,11415,11239,89.54137453448675
1316,66a43b4b-203e-47c5-9ab1-e3173c2f55fb,7,1316,True,,11451,11275,80.35544350939927
1317,66a43b4b-203e-47c5-9ab1-e3173c2f55fb,7,1317,True,,11490,11314,77.99036700553734
1318,66a43b4b-203e-47c5-9ab1-e3173c2f55fb,7,1318,True,,11526,11350,92.53463798601115
1319,66a43b4b-203e-47c5-9ab1-e3173c2f55fb,7,1319,True,,11570,11394,82.87746337927274
1320,66a43b4b-203e-47c5-9ab1-e3173c2f55fb,7,1320,True,,11606,11430,72.80414102233044
1321,66a43b4b-203e-47c5-9ab1-e3173c2f55fb,7,1321,True,,11644,11468,140.2297027898112
1322,66a43b4b-203e-47c5-9ab1-e3173c2f55fb,7,1322,True,,11677,11501,93.43788132564987
1323,66a43b4b-203e-47c5-9ab1-e3173c2f55fb,7,1323,True,,11716,11540,127.41724379464176
1324,66a43b4b-203e-47c5-9ab1-e3173c2f55fb,7,1324,True,,11750,11574,149.73559054795624
1325,66a43b4b-203e-47c5-9ab1-e3173c2f55fb,7,1325,True,,11780,11604,86.72885942545327
1326,66a43b4b-203e-47c5-9ab1-e3173c2f55fb,7,1326,True,,11814,11638,98.43511716962712
1327,66a43b4b-203e-47c5-9ab1-e3173c2f55fb,7,1327,True,,11855,11679,87.36105251955996
1328,66a43b4b-203e-47c5-9ab1-e3173c2f55fb,7,1328,True,,11890,11714,73.57294068158262
1329,66a43b4b-203e-47c5-9ab1-e3173c2f55fb,7,1329,True,,11928,11752,86.93939912219685
1330,66a43b4b-203e-47c5-9ab1-e3173c2f55fb,7,1330,True,,11959,11783,85.08674384057849
1331,66a43b4b-203e-47c5-9ab1-e3173c2f55fb,7,1331,True,,11999,11823,147.66411334423356
1332,66a43b4b-203e-47c5-9ab1-e3173c2f55fb,7,1332,True,,12041,11865,124.50245574961082
1333,66a43b4b-203e-47c5-9ab1-e3173c2f55fb,7,1333,True,,12084,11908,149.49326882009154
1334,66a43b4b-203e-47c5-9ab1-e3173c2f55fb,7,1334,True,,12117,11941,101.60175916310982
1335,66a43b4b-203e-47c5-9ab1-e3173c2f55fb,7,1335,True,,12152,11976,98.47533425421716
1336,66a43b4b-203e-47c5-9ab1-e3173c2f55fb,7,1336,True,,12187,12011,84.97612707106418
1337,66a43b4b-203e-47c5-9ab1-e3173c2f55fb,7,1337,True,,12221,12045,97.36324010758108
1338,66a43b4b-203e-47c5-9ab1-e3173c2f55fb,7,1338,True,,12266,12090,84.07563728468449
1339,66a43b4b-203e-47c5-9ab1-e3173c2f55fb,7,1339,True,,12300,12124,88.57266142961453
1340,66a43b4b-203e-47c5-9ab1-e3173c2f55fb,7,1340,True,,12353,12177,79.96607094548017
1341,66a43b4b-203e-47c5-9ab1-e3173c2f55fb,7,1341,True,,12391,12215,84.06327726174095
1342,66a43b4b-203e-47c5-9ab1-e3173c2f55fb,7,1342,True,,12424,12248,78.15332611529811
1343,66a43b4b-203e-47c5-9ab1-e3173c2f55fb,7,1343,True,,12461,12285,86.63526097702925
1344,66a43b4b-203e-47c5-9ab1-e3173c2f55fb,7,1344,True,,12491,12315,77.22931017290466
1345,66a43b4b-203e-47c5-9ab1-e3173c2f55fb,7,1345,True,,12524,12348,76.83063912400576
1346,66a43b4b-203e-47c5-9ab1-e3173c2f55fb,7,1346,True,,12557,12381,80.57146433966045
1347,66a43b4b-203e-47c5-9ab1-e3173c2f55fb,7,1347,True,,12597,12421,77.84345234634384
1348,66a43b4b-203e-47c5-9ab1-e3173c2f55fb,7,1348,True,,12636,12460,139.79679968483833
1349,66a43b4b-203e-47c5-9ab1-e3173c2f55fb,7,1349,True,,12666,12490,127.809578500106
1350,66a43b4b-203e-47c5-9ab1-e3173c2f55fb,7,1350,True,,12701,12525,131.44532592622818
1351,66a43b4b-203e-47c5-9ab1-e3173c2f55fb,7,1351,True,,12737,12561,83.36001924711672
1352,66a43b4b-203e-47c5-9ab1-e3173c2f55fb,7,1352,True,,12778,12602,85.14953331673314
1353,66a43b4b-203e-47c5-9ab1-e3173c2f55fb,7,1353,True,,12819,12643,110.30402101329128
1354,66a43b4b-203e-47c5-9ab1-e3173c2f55fb,7,1354,True,,12861,12685,90.14596672179141
1355,66a43b4b-203e-47c5-9ab1-e3173c2f55fb,7,1355,True,,12889,12713,124.485373734924
1356,66a43b4b-203e-47c5-9ab1-e3173c2f55fb,7,1356,True,,12927,12751,74.13269516921719
1357,66a43b4b-203e-47c5-9ab1-e3173c2f55fb,7,1357,True,,12956,12780,93.32900406329827
1358,66a43b4b-203e-47c5-9ab1-e3173c2f55fb,7,1358,True,,13000,12824,84.65796409017821
1359,66a43b4b-203e-47c5-9ab1-e3173c2f55fb,7,1359,True,,13045,12869,86.96599912263446
1360,66a43b4b-203e-47c5-9ab1-e3173c2f55fb,7,1360,True,,13082,12906,91.19004993702401
1361,66a43b4b-203e-47c5-9ab1-e3173c2f55fb,7,1361,True,,13126,12950,78.44598908442276
1362,66a43b4b-203e-47c5-9ab1-e3173c2f55fb,7,1362,True,,13164,12988,82.78595110286915
1363,66a43b4b-203e-47c5-9ab1-e3173c2f55fb,7,1363,True,,13199,13023,86.59911444033787
1364,66a43b4b-203e-47c5-9ab1-e3173c2f55fb,7,1364,True,,13230,13054,130.04537107972646
1365,66a43b4b-203e-47c5-9ab1-e3173c2f55fb,7,1365,True,,13262,13086,82.84916242096733
1366,66a43b4b-203e-47c5-9ab1-e3173c2f55fb,7,1366,True,,13292,13116,165.59173515453767
1367,66a43b4b-203e-47c5-9ab1-e3173c2f55fb,7,1367,True,,13337,13161,107.44000958723518
1368,66a43b4b-203e-47c5-9ab1-e3173c2f55fb,7,1368,True,,13367,13191,148.76631222762626
1369,66a43b4b-203e-47c5-9ab1-e3173c2f55fb,7,1369,True,,13406,13230,122.75640411455424
1370,66a43b4b-203e-47c5-9ab1-e3173c2f55fb,7,1370,True,,13448,13272,118.4973502301309
1371,66a43b4b-203e-47c5-9ab1-e3173c2f55fb,7,1371,True,,13489,13313,90.64562675735033
1372,66a43b4b-203e-47c5-9ab1-e3173c2f55fb,7,1372,True,,13528,13352,90.56871000627143
1373,66a43b4b-203e-47c5-9ab1-e3173c2f55fb,7,1373,True,,13576,13400,84.94065849751314
1374,66a43b4b-203e-47c5-9ab1-e3173c2f55fb,7,1374,True,,13608,13432,176.77049672797511
1375,66a43b4b-203e-47c5-9ab1-e3173c2f55fb,7,1375,True,,13638,13462,146.77049672797511
1376,66a43b4b-203e-47c5-9ab1-e3173c2f55fb,7,1376,True,,13668,13492,129.3694483526615
1377,66a43b4b-203e-47c5-9ab1-e3173c2f55fb,7,1377,True,,13699,13523,111.7652550681596
1378,66a43b4b-203e-47c5-9ab1-e3173c2f55fb,7,1378,True,,13741,13565,150.04125890658543
1379,66a43b4b-203e-47c5-9ab1-e3173c2f55fb,7,1379,True,,13782,13606,122.02083646554638
1380,66a43b4b-203e-47c5-9ab1-e3173c2f55fb,7,1380,True,,13808,13632,140.79923093162324
1381,66a43b4b-203e-47c5-9ab1-e3173c2f55fb,7,1381,True,,13841,13665,76.06207280343915
1382,66a43b4b-203e-47c5-9ab1-e3173c2f55fb,7,1382,True,,13872,13696,106.14932338828294
1383,66a43b4b-203e-47c5-9ab1-e3173c2f55fb,7,1383,True,,13904,13728,109.2569533596361
1384,66a43b4b-203e-47c5-9ab1-e3173c2f55fb,7,1384,True,,13948,13772,135.65045987566555
1385,66a43b4b-203e-47c5-9ab1-e3173c2f55fb,7,1385,True,,13979,13803,119.05611789609065
1386,66a43b4b-203e-47c5-9ab1-e3173c2f55fb,7,1386,True,,14003,13827,167.76366446478642
1387,66a43b4b-203e-47c5-9ab1-e3173c2f55fb,7,1387,True,,14043,13867,90.58678520358262
1388,66a43b4b-203e-47c5-9ab1-e3173c2f55fb,7,1388,True,,14074,13898,109.00049630880312
1389,66a43b4b-203e-47c5-9ab1-e3173c2f55fb,7,1389,True,,14108,13932,94.34454851105329
1390,66a43b4b-203e-47c5-9ab1-e3173c2f55fb,7,1390,True,,14149,13973,85.56465512875184
1391,66a43b4b-203e-47c5-9ab1-e3173c2f55fb,7,1391,True,,14181,14005,107.0401408324542
1392,66a43b4b-203e-47c5-9ab1-e3173c2f55fb,7,1392,True,,14212,14036,90.36003287145286
1393,66a43b4b-203e-47c5-9ab1-e3173c2f55fb,7,1393,True,,14253,14077,93.05427356551081
1394,66a43b4b-203e-47c5-9ab1-e3173c2f55fb,7,1394,True,,14294,14118,133.09964865836628
1395,66a43b4b-203e-47c5-9ab1-e3173c2f55fb,7,1395,True,,14336,14160,79.43783078254819
1396,66a43b4b-203e-47c5-9ab1-e3173c2f55fb,7,1396,True,,14373,14197,78.0953000569807
1397,66a43b4b-203e-47c5-9ab1-e3173c2f55fb,7,1397,True,,14416,14240,84.94519684062288
1398,66a43b4b-203e-47c5-9ab1-e3173c2f55fb,7,1398,True,,14456,14280,74.2385987145608
1399,66a43b4b-203e-47c5-9ab1-e3173c2f55fb,7,1399,True,,14495,14319,119.18023556139451
1400,66a43b4b-203e-47c5-9ab1-e3173c2f55fb,7,1400,True,,14525,14349,121.08350395748676
1401,66a43b4b-203e-47c5-9ab1-e3173c2f55fb,7,1401,True,,14558,14382,101.10048480855585
1402,66a43b4b-203e-47c5-9ab1-e3173c2f55fb,7,1402,True,,14600,14424,79.03923940478307
1403,66a43b4b-203e-47c5-9ab1-e3173c2f55fb,7,1403,True,,14637,14461,83.23243748022651
1404,66a43b4b-203e-47c5-9ab1-e3173c2f55fb,7,1404,True,,14672,14496,77.49122650222125
1405,66a43b4b-203e-47c5-9ab1-e3173c2f55fb,7,1405,True,,14711,14535,86.53143398230168
1406,66a43b4b-203e-47c5-9ab1-e3173c2f55fb,7,1406,True,,14759,14583,85.33137599410657
1407,66a43b4b-203e-47c5-9ab1-e3173c2f55fb,7,1407,True,,14795,14619,131.77939602614242
1408,66a43b4b-203e-47c5-9ab1-e3173c2f55fb,7,1408,True,,14834,14658,109.66562902698024
1409,66a43b4b-203e-47c5-9ab1-e3173c2f55fb,7,1409,True,,14865,14689,108.55504745177132
1410,66a43b4b-203e-47c5-9ab1-e3173c2f55fb,7,1410,True,,14903,14727,114.33487745015555
1411,66a43b4b-203e-47c5-9ab1-e3173c2f55fb,7,1411,True,,14932,14756,97.62367758791697
1412,66a43b4b-203e-47c5-9ab1-e3173c2f55fb,7,1412,True,,14967,14791,81.44086156358026
1413,66a43b4b-203e-47c5-9ab1-e3173c2f55fb,7,1413,True,,15009,14833,97.16331539818566
1414,66a43b4b-203e-47c5-9ab1-e3173c2f55fb,7,1414,True,,15047,14871,125.79180097499557
1415,66a43b4b-203e-47c5-9ab1-e3173c2f55fb,7,1415,True,,15089,14913,96.74046769788401
1416,66a43b4b-203e-47c5-9ab1-e3173c2f55fb,7,1416,True,,15140,14964,77.12504362207983
1417,66a43b4b-203e-47c5-9ab1-e3173c2f55fb,7,1417,True,,15175,14999,80.13998921555321
1418,66a43b4b-203e-47c5-9ab1-e3173c2f55fb,7,1418,True,,15204,15028,77.43985207753394
1419,66a43b4b-203e-47c5-9ab1-e3173c2f55fb,7,1419,True,,15236,15060,82.86417084266213
1420,66a43b4b-203e-47c5-9ab1-e3173c2f55fb,7,1420,True,,15273,15097,75.0590522014918
1421,66a43b4b-203e-47c5-9ab1-e3173c2f55fb,7,1421,True,,15306,15130,102.54158397575884
1422,66a43b4b-203e-47c5-9ab1-e3173c2f55fb,7,1422,True,,15332,15156,102.81281580652649
1423,66a43b4b-203e-47c5-9ab1-e3173c2f55fb,7,1423,True,,15371,15195,122.98998808703436
1424,66a43b4b-203e-47c5-9ab1-e3173c2f55fb,7,1424,True,,15401,15225,80.82183275085663
1425,66a43b4b-203e-47c5-9ab1-e3173c2f55fb,7,1425,True,,15433,15257,86.37205988368623
1426,66a43b4b-203e-47c5-9ab1-e3173c2f55fb,7,1426,True,,15478,15302,89.36474399452345
1427,66a43b4b-203e-47c5-9ab1-e3173c2f55fb,7,1427,True,,15521,15345,89.11370313997213
1428,66a43b4b-203e-47c5-9ab1-e3173c2f55fb,7,1428,True,,15554,15378,110.88312021622733
1429,66a43b4b-203e-47c5-9ab1-e3173c2f55fb,7,1429,True,,15580,15404,100.8559431528447
1430,66a43b4b-203e-47c5-9ab1-e3173c2f55fb,7,1430,True,,15605,15429,147.25988029301698
1431,66a43b4b-203e-47c5-9ab1-e3173c2f55fb,7,1431,True,,15635,15459,77.8342880218006
1432,66a43b4b-203e-47c5-9ab1-e3173c2f55fb,7,1432,True,,15666,15490,99.30904055984865
1433,66a43b4b-203e-47c5-9ab1-e3173c2f55fb,7,1433,True,,15695,15519,122.84842587507774
1434,66a43b4b-203e-47c5-9ab1-e3173c2f55fb,7,1434,True,,15727,15551,101.62595465287814
1435,66a43b4b-203e-47c5-9ab1-e3173c2f55fb,7,1435,True,,15759,15583,82.08315800774108
1436,66a43b4b-203e-47c5-9ab1-e3173c2f55fb,7,1436,True,,15790,15614,82.67975331062189
1437,66a43b4b-203e-47c5-9ab1-e3173c2f55fb,7,1437,True,,15821,15645,75.18695626268163
1438,66a43b4b-203e-47c5-9ab1-e3173c2f55fb,7,1438,True,,15860,15684,82.5878006151579
1439,66a43b4b-203e-47c5-9ab1-e3173c2f55fb,7,1439,True,,15890,15714,93.0887214619579
1440,66a43b4b-203e-47c5-9ab1-e3173c2f55fb,7,1440,True,,15918,15742,95.31092139665088
1441,66a43b4b-203e-47c5-9ab1-e3173c2f55fb,7,1441,True,,15961,15785,88.16061588633056
1442,66a43b4b-203e-47c5-9ab1-e3173c2f55fb,7,1442,True,,15987,15811,87.77220331909848
1443,66a43b4b-203e-47c5-9ab1-e3173c2f55fb,7,1443,True,,16019,15843,84.7322469706105
1444,66a43b4b-203e-47c5-9ab1-e3173c2f55fb,7,1444,True,,16061,15885,76.06316806298673
1445,66a43b4b-203e-47c5-9ab1-e3173c2f55fb,7,1445,True,,16098,15922,79.67132051970111
1446,66a43b4b-203e-47c5-9ab1-e3173c2f55fb,7,1446,True,,16126,15950,84.22603867648832
1447,66a43b4b-203e-47c5-9ab1-e3173c2f55fb,7,1447,True,,16157,15981,86.59285496197845
1448,66a43b4b-203e-47c5-9ab1-e3173c2f55fb,7,1448,True,,16182,16006,96.35337213334424
1449,66a43b4b-203e-47c5-9ab1-e3173c2f55fb,7,1449,True,,16214,16038,87.25451450964829
1450,66a43b4b-203e-47c5-9ab1-e3173c2f55fb,7,1450,True,,16237,16061,91.75714457028516
1451,66a43b4b-203e-47c5-9ab1-e3173c2f55fb,7,1451,True,,16272,16096,86.4801426789345
1452,66a43b4b-203e-47c5-9ab1-e3173c2f55fb,7,1452,True,,16309,16133,79.33841105538158
1453,66a43b4b-203e-47c5-9ab1-e3173c2f55fb,7,1453,True,,16341,16165,91.95607234663112
1454,66a43b4b-203e-47c5-9ab1-e3173c2f55fb,7,1454,True,,16385,16209,85.63325683770563
1455,66a43b4b-203e-47c5-9ab1-e3173c2f55fb,7,1455,True,,16415,16239,125.16176165293473
1456,66a43b4b-203e-47c5-9ab1-e3173c2f55fb,7,1456,True,,16455,16279,99.30530659999204
1457,66a43b4b-203e-47c5-9ab1-e3173c2f55fb,7,1457,True,,16490,16314,126.62001297316601
1458,66a43b4b-203e-47c5-9ab1-e3173c2f55fb,7,1458,True,,16523,16347,131.9380198483159
1459,66a43b4b-203e-47c5-9ab1-e3173c2f55fb,7,1459,True,,16557,16381,136.01126706327705
1460,66a43b4b-203e-47c5-9ab1-e3173c2f55fb,7,1460,True,,16592,16416,88.89934012724916
1461,66a43b4b-203e-47c5-9ab1-e3173c2f55fb,7,1461,True,,16620,16444,119.43175677894396
1462,66a43b4b-203e-47c5-9ab1-e3173c2f55fb,7,1462,True,,16669,16493,82.84521983437298
1463,66a43b4b-203e-47c5-9ab1-e3173c2f55fb,7,1463,True,,16706,16530,89.51417665196641
1464,66a43b4b-203e-47c5-9ab1-e3173c2f55fb,7,1464,True,,16741,16565,83.68293815279321
1465,66a43b4b-203e-47c5-9ab1-e3173c2f55fb,7,1465,True,,16772,16596,88.8782867144073
1466,66a43b4b-203e-47c5-9ab1-e3173c2f55fb,7,1466,True,,16805,16629,129.0986734407088
1467,66a43b4b-203e-47c5-9ab1-e3173c2f55fb,7,1467,True,,16833,16657,117.94024870011344
1468,66a43b4b-203e-47c5-9ab1-e3173c2f55fb,7,1468,True,,16862,16686,102.3136866340028
1469,66a43b4b-203e-47c5-9ab1-e3173c2f55fb,7,1469,True,,16892,16716,86.98437758733053
1470,66a43b4b-203e-47c5-9ab1-e3173c2f55fb,7,1470,True,,16934,16758,82.57543891795285
1471,66a43b4b-203e-47c5-9ab1-e3173c2f55fb,7,1471,True,,16980,16804,141.51621995757523
1472,66a43b4b-203e-47c5-9ab1-e3173c2f55fb,7,1472,True,,17017,16841,91.23411655623204
1473,66a43b4b-203e-47c5-9ab1-e3173c2f55fb,7,1473,True,,17050,16874,86.6900610610719
1474,66a43b4b-203e-47c5-9ab1-e3173c2f55fb,7,1474,True,,17083,16907,107.91313729410103
1475,66a43b4b-203e-47c5-9ab1-e3173c2f55fb,7,1475,True,,17120,16944,85.2393770649469
1476,66a43b4b-203e-47c5-9ab1-e3173c2f55fb,7,1476,True,,17161,16985,83.1135455667245
1477,66a43b4b-203e-47c5-9ab1-e3173c2f55fb,7,1477,True,,17200,17024,88.17272551773203
1478,66a43b4b-203e-47c5-9ab1-e3173c2f55fb,7,1478,True,,17231,17055,89.57332691289776
1479,66a43b4b-203e-47c5-9ab1-e3173c2f55fb,7,1479,True,,17272,17096,85.21773229657265
1480,66a43b4b-203e-47c5-9ab1-e3173c2f55fb,7,1480,True,,17312,17136,79.98306073415733
1481,66a43b4b-203e-47c5-9ab1-e3173c2f55fb,7,1481,True,,17347,17171,78.96921478341756
1482,66a43b4b-203e-47c5-9ab1-e3173c2f55fb,7,1482,True,,17373,17197,137.78684122427148
1483,66a43b4b-203e-47c5-9ab1-e3173c2f55fb,7,1483,True,,17419,17243,103.22185425342832
1484,66a43b4b-203e-47c5-9ab1-e3173c2f55fb,7,1484,True,,17451,17275,91.27340363615804
1485,66a43b4b-203e-47c5-9ab1-e3173c2f55fb,7,1485,True,,17482,17306,86.37021076309611
1486,66a43b4b-203e-47c5-9ab1-e3173c2f55fb,7,1486,True,,17517,17341,80.57872943025359
1487,66a43b4b-203e-47c5-9ab1-e3173c2f55fb,7,1487,True,,17558,17382,117.80217795034332
1488,66a43b4b-203e-47c5-9ab1-e3173c2f55fb,7,1488,True,,17593,17417,95.94697219612135
1489,66a43b4b-203e-47c5-9ab1-e3173c2f55fb,7,1489,True,,17634,17458,87.55968324259811
1490,66a43b4b-203e-47c5-9ab1-e3173c2f55fb,7,1490,True,,17676,17500,88.62527262107324
1491,66a43b4b-203e-47c5-9ab1-e3173c2f55fb,7,1491,True,,17709,17533,84.73654225371502
1492,66a43b4b-203e-47c5-9ab1-e3173c2f55fb,7,1492,True,,17745,17569,79.03110360924256
1493,66a43b4b-203e-47c5-9ab1-e3173c2f55fb,7,1493,True,,17767,17591,152.95595759375647
1494,66a43b4b-203e-47c5-9ab1-e3173c2f55fb,7,1494,True,,17804,17628,103.27331575174685
1495,66a43b4b-203e-47c5-9ab1-e3173c2f55fb,7,1495,True,,17847,17671,132.39656649399694
1496,66a43b4b-203e-47c5-9ab1-e3173c2f55fb,7,1496,True,,17878,17702,114.33565263021592
1497,66a43b4b-203e-47c5-9ab1-e3173c2f55fb,7,1497,True,,17918,17742,90.18357205662687
1498,66a43b4b-203e-47c5-9ab1-e3173c2f55fb,7,1498,True,,17956,17780,104.92326422261249
1499,66a43b4b-203e-47c5-9ab1-e3173c2f55fb,7,1499,True,,17985,17809,99.12198495279517
1500,66a43b4b-203e-47c5-9ab1-e3173c2f55fb,7,1500,True,,18027,17851,85.57604158548929
1501,66a43b4b-203e-47c5-9ab1-e3173c2f55fb,7,1501,True,,18067,17891,90.03687247210837
1502,66a43b4b-203e-47c5-9ab1-e3173c2f55fb,7,1502,True,,18108,17932,79.1688672906821
1503,66a43b4b-203e-47c5-9ab1-e3173c2f55fb,7,1503,True,,18147,17971,75.32672172724779
1504,66a43b4b-203e-47c5-9ab1-e3173c2f55fb,7,1504,True,,18194,18018,82.20289959840011
1505,66a43b4b-203e-47c5-9ab1-e3173c2f55fb,7,1505,True,,18218,18042,87.43276059765412
1506,66a43b4b-203e-47c5-9ab1-e3173c2f55fb,7,1506,True,,18260,18084,78.81406048198915
1507,66a43b4b-203e-47c5-9ab1-e3173c2f55fb,7,1507,True,,18301,18125,85.78634074961155
1508,66a43b4b-203e-47c5-9ab1-e3173c2f55fb,7,1508,True,,18334,18158,88.61877763309167
1509,66a43b4b-203e-47c5-9ab1-e3173c2f55fb,7,1509,True,,18381,18205,111.98082546658043
1510,66a43b4b-203e-47c5-9ab1-e3173c2f55fb,7,1510,True,,18419,18243,124.53112006439551
1511,66a43b4b-203e-47c5-9ab1-e3173c2f55fb,7,1511,True,,18451,18275,78.6880692201994
1512,66a43b4b-203e-47c5-9ab1-e3173c2f55fb,7,1512,True,,18491,18315,81.604359865687
1513,66a43b4b-203e-47c5-9ab1-e3173c2f55fb,7,1513,True,,18523,18347,80.92638156770772
1514,66a43b4b-203e-47c5-9ab1-e3173c2f55fb,7,1514,True,,18562,18386,84.99199953494826
1515,66a43b4b-203e-47c5-9ab1-e3173c2f55fb,7,1515,True,,18595,18419,129.93785300616946
1516,66a43b4b-203e-47c5-9ab1-e3173c2f55fb,7,1516,True,,18630,18454,80.54600443192612
1517,66a43b4b-203e-47c5-9ab1-e3173c2f55fb,7,1517,True,,18663,18487,139.81376371328224
1518,66a43b4b-203e-47c5-9ab1-e3173c2f55fb,7,1518,True,,18710,18534,105.76053711969507
1519,66a43b4b-203e-47c5-9ab1-e3173c2f55fb,7,1519,True,,18743,18567,86.70329991792823
1520,66a43b4b-203e-47c5-9ab1-e3173c2f55fb,7,1520,True,,18767,18591,90.55000564744114
1521,66a43b4b-203e-47c5-9ab1-e3173c2f55fb,7,1521,True,,18796,18620,95.02730507742672
1522,66a43b4b-203e-47c5-9ab1-e3173c2f55fb,7,1522,True,,18831,18655,190.19792739459444
1523,66a43b4b-203e-47c5-9ab1-e3173c2f55fb,7,1523,True,,18862,18686,159.19792739459444
1524,66a43b4b-203e-47c5-9ab1-e3173c2f55fb,7,1524,True,,18901,18725,97.64343296072911
1525,66a43b4b-203e-47c5-9ab1-e3173c2f55fb,7,1525,True,,18941,18765,196.85088796783748
1526,66a43b4b-203e-47c5-9ab1-e3173c2f55fb,7,1526,True,,18986,18810,151.85088796783748
1527,66a43b4b-203e-47c5-9ab1-e3173c2f55fb,7,1527,True,,19026,18850,83.77408902106981
1528,66a43b4b-203e-47c5-9ab1-e3173c2f55fb,7,1528,True,,19065,18889,86.53823615750662
1529,66a43b4b-203e-47c5-9ab1-e3173c2f55fb,7,1529,True,,19099,18923,107.97939229013718
1530,66a43b4b-203e-47c5-9ab1-e3173c2f55fb,7,1530,True,,19131,18955,88.53570941178987
1531,66a43b4b-203e-47c5-9ab1-e3173c2f55fb,7,1531,True,,19162,18986,153.24629867174008
1532,66a43b4b-203e-47c5-9ab1-e3173c2f55fb,7,1532,True,,19191,19015,136.82023669199407
1533,66a43b4b-203e-47c5-9ab1-e3173c2f55fb,7,1533,True,,19225,19049,131.13212880693754
1534,66a43b4b-203e-47c5-9ab1-e3173c2f55fb,7,1534,True,,19252,19076,90.00075130744517
1535,66a43b4b-203e-47c5-9ab1-e3173c2f55fb,7,1535,True,,19288,19112,91.49966801710616
1536,66a43b4b-203e-47c5-9ab1-e3173c2f55fb,7,1536,True,,19324,19148,83.76368953214478
1537,66a43b4b-203e-47c5-9ab1-e3173c2f55fb,7,1537,True,,19361,19185,88.62408700663946
1538,66a43b4b-203e-47c5-9ab1-e3173c2f55fb,7,1538,True,,19390,19214,141.8742228644369
1539,66a43b4b-203e-47c5-9ab1-e3173c2f55fb,7,1539,True,,19426,19250,93.12379660014267
1540,66a43b4b-203e-47c5-9ab1-e3173c2f55fb,7,1540,True,,19459,19283,84.00257028016495
1541,66a43b4b-203e-47c5-9ab1-e3173c2f55fb,7,1541,True,,19501,19325,90.24072869111114
1542,66a43b4b-203e-47c5-9ab1-e3173c2f55fb,7,1542,True,,19539,19363,82.38363636609574
1543,66a43b4b-203e-47c5-9ab1-e3173c2f55fb,7,1543,True,,19573,19397,122.43322764791083
1544,66a43b4b-203e-47c5-9ab1-e3173c2f55fb,7,1544,True,,19615,19439,93.47135938699284
1545,66a43b4b-203e-47c5-9ab1-e3173c2f55fb,7,1545,True,,19652,19476,76.84124241309473
1546,66a43b4b-203e-47c5-9ab1-e3173c2f55fb,7,1546,True,,19682,19506,71.79603433548255
1547,66a43b4b-203e-47c5-9ab1-e3173c2f55fb,7,1547,True,,19719,19543,74.67842011585526
1548,66a43b4b-203e-47c5-9ab1-e3173c2f55fb,7,1548,True,,19755,19579,79.63193235424114
1549,66a43b4b-203e-47c5-9ab1-e3173c2f55fb,7,1549,True,,19784,19608,89.38717450595868
1550,66a43b4b-203e-47c5-9ab1-e3173c2f55fb,7,1550,True,,19816,19640,120.58497221666403
1551,66a43b4b-203e-47c5-9ab1-e3173c2f55fb,7,1551,True,,19850,19674,104.33019313796467
1552,66a43b4b-203e-47c5-9ab1-e3173c2f55fb,7,1552,True,,19872,19696,94.50010010189362
1553,66a43b4b-203e-47c5-9ab1-e3173c2f55fb,7,1553,True,,19911,19735,81.87562953604356
1554,66a43b4b-203e-47c5-9ab1-e3173c2f55fb,7,1554,True,,19941,19765,133.24906628111785
1555,66a43b4b-203e-47c5-9ab1-e3173c2f55fb,7,1555,True,,19972,19796,79.42949618041894
1556,66a43b4b-203e-47c5-9ab1-e3173c2f55fb,7,1556,True,,20005,19829,85.68169777028379
1557,66a43b4b-203e-47c5-9ab1-e3173c2f55fb,7,1557,True,,20047,19871,80.51907259046493
1558,66a43b4b-203e-47c5-9ab1-e3173c2f55fb,7,1558,True,,20080,19904,82.32453710180926
1559,66a43b4b-203e-47c5-9ab1-e3173c2f55fb,7,1559,True,,20122,19946,88.52386649860637
1560,66a43b4b-203e-47c5-9ab1-e3173c2f55fb,7,1560,True,,20152,19976,83.24811486662657
1561,66a43b4b-203e-47c5-9ab1-e3173c2f55fb,7,1561,True,,20187,20011,82.46681278242977
1562,66a43b4b-203e-47c5-9ab1-e3173c2f55fb,7,1562,True,,20230,20054,90.55808291320136
1563,66a43b4b-203e-47c5-9ab1-e3173c2f55fb,7,1563,True,,20264,20088,91.93156863613694
1564,66a43b4b-203e-47c5-9ab1-e3173c2f55fb,7,1564,True,,20306,20130,87.95806175567122
1565,66a43b4b-203e-47c5-9ab1-e3173c2f55fb,7,1565,True,,20341,20165,84.89339389113593
1566,66a43b4b-203e-47c5-9ab1-e3173c2f55fb,7,1566,True,,20388,20212,75.58497800660916
1567,66a43b4b-203e-47c5-9ab1-e3173c2f55fb,7,1567,True,,20435,20259,121.4837399589851
1568,66a43b4b-203e-47c5-9ab1-e3173c2f55fb,7,1568,True,,20471,20295,99.84143248818873
1569,66a43b4b-203e-47c5-9ab1-e3173c2f55fb,7,1569,True,,20506,20330,97.84432246519282
1570,66a43b4b-203e-47c5-9ab1-e3173c2f55fb,7,1570,True,,20535,20359,88.68707143663778
1571,66a43b4b-203e-47c5-9ab1-e3173c2f55fb,7,1571,True,,20575,20399,85.01604496756045
1572,66a43b4b-203e-47c5-9ab1-e3173c2f55fb,7,1572,True,,20609,20433,91.2584121165637
1573,66a43b4b-203e-47c5-9ab1-e3173c2f55fb,7,1573,True,,20648,20472,93.55391760844577
1574,66a43b4b-203e-47c5-9ab1-e3173c2f55fb,7,1574,True,,20681,20505,89.5857999772852
1575,66a43b4b-203e-47c5-9ab1-e3173c2f55fb,7,1575,True,,20715,20539,131.9709303829659
1576,66a43b4b-203e-47c5-9ab1-e3173c2f55fb,7,1576,True,,20757,20581,128.36561438726858
1577,66a43b4b-203e-47c5-9ab1-e3173c2f55fb,7,1577,True,,20790,20614,131.20058048481587
1578,66a43b4b-203e-47c5-9ab1-e3173c2f55fb,7,1578,True,,20817,20641,90.22841064712702
1579,66a43b4b-203e-47c5-9ab1-e3173c2f55fb,7,1579,True,,20851,20675,112.94991948344614
1580,66a43b4b-203e-47c5-9ab1-e3173c2f55fb,7,1580,True,,20889,20713,119.1648741646568
1581,66a43b4b-203e-47c5-9ab1-e3173c2f55fb,7,1581,True,,20923,20747,97.57534860088708
1582,66a43b4b-203e-47c5-9ab1-e3173c2f55fb,7,1582,True,,20952,20776,87.71792181926867
1583,66a43b4b-203e-47c5-9ab1-e3173c2f55fb,7,1583,True,,20973,20797,92.16066376536764
1584,66a43b4b-203e-47c5-9ab1-e3173c2f55fb,7,1584,True,,21010,20834,83.28635312815459
1585,66a43b4b-203e-47c5-9ab1-e3173c2f55fb,7,1585,True,,21046,20870,76.55788258954271
1586,66a43b4b-203e-47c5-9ab1-e3173c2f55fb,7,1586,True,,21096,20920,115.23913927529429
1587,66a43b4b-203e-47c5-9ab1-e3173c2f55fb,7,1587,True,,21142,20966,92.59175756387776
1588,66a43b4b-203e-47c5-9ab1-e3173c2f55fb,7,1588,True,,21180,21004,83.78432136597621
1589,66a43b4b-203e-47c5-9ab1-e3173c2f55fb,7,1589,True,,21220,21044,89.27906729284223
1590,66a43b4b-203e-47c5-9ab1-e3173c2f55fb,7,1590,True,,21259,21083,77.59156818630072
1591,66a43b4b-203e-47c5-9ab1-e3173c2f55fb,7,1591,True,,21299,21123,88.28713645224707
1592,66a43b4b-203e-47c5-9ab1-e3173c2f55fb,7,1592,True,,21335,21159,79.13473984951997
1593,66a43b4b-203e-47c5-9ab1-e3173c2f55fb,7,1593,True,,21369,21193,79.86706750854864
1594,66a43b4b-203e-47c5-9ab1-e3173c2f55fb,7,1594,True,,21415,21239,85.53471836539029
1595,66a43b4b-203e-47c5-9ab1-e3173c2f55fb,7,1595,True,,21458,21282,76.65490908298307
1596,66a43b4b-203e-47c5-9ab1-e3173c2f55fb,7,1596,True,,21494,21318,117.4212565054695
1597,66a43b4b-203e-47c5-9ab1-e3173c2f55fb,7,1597,True,,21531,21355,134.34994581232604
1598,66a43b4b-203e-47c5-9ab1-e3173c2f55fb,7,1598,True,,21551,21375,99.34163391069887
1599,66a43b4b-203e-47c5-9ab1-e3173c2f55fb,7,1599,True,,21603,21427,98.6144172760105
1600,66a43b4b-203e-47c5-9ab1-e3173c2f55fb,7,1600,True,,21643,21467,87.02940502658385
1601,66a43b4b-203e-47c5-9ab1-e3173c2f55fb,7,1601,True,,21682,21506,81.60455406841356
1602,66a43b4b-203e-47c5-9ab1-e3173c2f55fb,7,1602,True,,21731,21555,88.32555644615422
1603,66a43b4b-203e-47c5-9ab1-e3173c2f55fb,7,1603,True,,21772,21596,73.82165230856481
1604,66a43b4b-203e-47c5-9ab1-e3173c2f55fb,7,1604,True,,21809,21633,83.73278974644927
1605,66a43b4b-203e-47c5-9ab1-e3173c2f55fb,7,1605,True,,21848,21672,72.77206642590318
1606,66a43b4b-203e-47c5-9ab1-e3173c2f55fb,7,1606,True,,21896,21720,86.0677208078705
1607,66a43b4b-203e-47c5-9ab1-e3173c2f55fb,7,1607,True,,21934,21758,73.3168280077989
1608,66a43b4b-203e-47c5-9ab1-e3173c2f55fb,7,1608,True,,21966,21790,111.22740658405746
1609,66a43b4b-203e-47c5-9ab1-e3173c2f55fb,7,1609,True,,22000,21824,110.31453279271227
1610,66a43b4b-203e-47c5-9ab1-e3173c2f55fb,7,1610,True,,22029,21853,94.07924257435297
1611,66a43b4b-203e-47c5-9ab1-e3173c2f55fb,7,1611,True,,22055,21879,88.15975592170798
1612,66a43b4b-203e-47c5-9ab1-e3173c2f55fb,7,1612,True,,22082,21906,87.21863202785244
1613,66a43b4b-203e-47c5-9ab1-e3173c2f55fb,7,1613,True,,22121,21945,86.69535630883183
1614,66a43b4b-203e-47c5-9ab1-e3173c2f55fb,7,1614,True,,22150,21974,92.29899557315002
1615,66a43b4b-203e-47c5-9ab1-e3173c2f55fb,7,1615,True,,22206,22030,87.57721319155462
1616,66a43b4b-203e-47c5-9ab1-e3173c2f55fb,7,1616,True,,22237,22061,84.72946128504555
1617,66a43b4b-203e-47c5-9ab1-e3173c2f55fb,7,1617,True,,22283,22107,88.82434528467638
1618,66a43b4b-203e-47c5-9ab1-e3173c2f55fb,7,1618,True,,22305,22129,83.9410862610057
1619,66a43b4b-203e-47c5-9ab1-e3173c2f55fb,7,1619,True,,22342,22166,87.70666937740316
1620,66a43b4b-203e-47c5-9ab1-e3173c2f55fb,7,1620,True,,22374,22198,98.70979424180769
1621,66a43b4b-203e-47c5-9ab1-e3173c2f55fb,7,1621,True,,22411,22235,126.05872592210653
1622,66a43b4b-203e-47c5-9ab1-e3173c2f55fb,7,1622,True,,22442,22266,130.09932259867492
1623,66a43b4b-203e-47c5-9ab1-e3173c2f55fb,7,1623,True,,22475,22299,80.29150170153298
1624,66a43b4b-203e-47c5-9ab1-e3173c2f55fb,7,1624,True,,22497,22321,92.98603720567189
1625,66a43b4b-203e-47c5-9ab1-e3173c2f55fb,7,1625,True,,22539,22363,87.09791020215926
1626,66a43b4b-203e-47c5-9ab1-e3173c2f55fb,7,1626,True,,22569,22393,133.76535033026448
1627,66a43b4b-203e-47c5-9ab1-e3173c2f55fb,7,1627,True,,22595,22419,83.0161836734369
1628,66a43b4b-203e-47c5-9ab1-e3173c2f55fb,7,1628,True,,22628,22452,133.46104682384976
1629,66a43b4b-203e-47c5-9ab1-e3173c2f55fb,7,1629,True,,22654,22478,169.2732011574335
1630,66a43b4b-203e-47c5-9ab1-e3173c2f55fb,7,1630,True,,22694,22518,153.85827954845445
1631,66a43b4b-203e-47c5-9ab1-e3173c2f55fb,7,1631,True,,22730,22554,105.71299787793396
1632,66a43b4b-203e-47c5-9ab1-e3173c2f55fb,7,1632,True,,22763,22587,128.88550054126972
1633,66a43b4b-203e-47c5-9ab1-e3173c2f55fb,7,1633,True,,22799,22623,134.33332010745653
1634,66a43b4b-203e-47c5-9ab1-e3173c2f55fb,7,1634,True,,22836,22660,118.88804330440689
1635,66a43b4b-203e-47c5-9ab1-e3173c2f55fb,7,1635,True,,22877,22701,89.2753304246653
1636,66a43b4b-203e-47c5-9ab1-e3173c2f55fb,7,1636,True,,22905,22729,91.06881635718673
1637,66a43b4b-203e-47c5-9ab1-e3173c2f55fb,7,1637,True,,22938,22762,85.74008389794471
1638,66a43b4b-203e-47c5-9ab1-e3173c2f55fb,7,1638,True,,22977,22801,84.67484019187395
1639,66a43b4b-203e-47c5-9ab1-e3173c2f55fb,7,1639,True,,23016,22840,88.5572122454505
1640,66a43b4b-203e-47c5-9ab1-e3173c2f55fb,7,1640,True,,23054,22878,87.27850106492406
1641,66a43b4b-203e-47c5-9ab1-e3173c2f55fb,7,1641,True,,23086,22910,82.63710179802365
1642,66a43b4b-203e-47c5-9ab1-e3173c2f55fb,7,1642,True,,23120,22944,136.5299524838665
1643,66a43b4b-203e-47c5-9ab1-e3173c2f55fb,7,1643,True,,23159,22983,110.75943989994994
1644,66a43b4b-203e-47c5-9ab1-e3173c2f55fb,7,1644,True,,23198,23022,126.46373712386776
1645,66a43b4b-203e-47c5-9ab1-e3173c2f55fb,7,1645,True,,23232,23056,79.23561950080693
1646,66a43b4b-203e-47c5-9ab1-e3173c2f55fb,7,1646,True,,23272,23096,98.35666608073007
1647,66a43b4b-203e-47c5-9ab1-e3173c2f55fb,7,1647,True,,23311,23135,85.68638158113754
1648,66a43b4b-203e-47c5-9ab1-e3173c2f55fb,7,1648,True,,23350,23174,91.92797569398317
1649,66a43b4b-203e-47c5-9ab1-e3173c2f55fb,7,1649,True,,23393,23217,94.47415297788393
1650,66a43b4b-203e-47c5-9ab1-e3173c2f55fb,7,1650,True,,23428,23252,75.22582910332858
1651,66a43b4b-203e-47c5-9ab1-e3173c2f55fb,7,1651,True,,23462,23286,88.10008961737185
1652,66a43b4b-203e-47c5-9ab1-e3173c2f55fb,7,1652,True,,23495,23319,81.06797524559443
1653,66a43b4b-203e-47c5-9ab1-e3173c2f55fb,7,1653,True,,23538,23362,85.22837247224743
1654,66a43b4b-203e-47c5-9ab1-e3173c2f55fb,7,1654,True,,23585,23409,78.92263437309157
1655,66a43b4b-203e-47c5-9ab1-e3173c2f55fb,7,1655,True,,23627,23451,86.11482474559307
1656,66a43b4b-203e-47c5-9ab1-e3173c2f55fb,7,1656,True,,23668,23492,81.62401147598212
1657,66a43b4b-203e-47c5-9ab1-e3173c2f55fb,7,1657,True,,23710,23534,88.54811516548943
1658,66a43b4b-203e-47c5-9ab1-e3173c2f55fb,7,1658,True,,23742,23566,104.76154920154295
1659,66a43b4b-203e-47c5-9ab1-e3173c2f55fb,7,1659,True,,23783,23607,80.89865994596403
1660,66a43b4b-203e-47c5-9ab1-e3173c2f55fb,7,1660,True,,23826,23650,87.28236453307181
1661,66a43b4b-203e-47c5-9ab1-e3173c2f55fb,7,1661,True,,23865,23689,81.9155828085095
1662,66a43b4b-203e-47c5-9ab1-e3173c2f55fb,7,1662,True,,23897,23721,92.7058354223227
1663,66a43b4b-203e-47c5-9ab1-e3173c2f55fb,7,1663,True,,23934,23758,131.00254654229866
1664,66a43b4b-203e-47c5-9ab1-e3173c2f55fb,7,1664,True,,23973,23797,79.2774555545584
1665,66a43b4b-203e-47c5-9ab1-e3173c2f55fb,7,1665,True,,24007,23831,81.30158208176726
1666,66a43b4b-203e-47c5-9ab1-e3173c2f55fb,7,1666,True,,24048,23872,92.33970113853866
1667,66a43b4b-203e-47c5-9ab1-e3173c2f55fb,7,1667,True,,24087,23911,96.4142505846612
1668,66a43b4b-203e-47c5-9ab1-e3173c2f55fb,7,1668,True,,24125,23949,84.77089055068791
1669,66a43b4b-203e-47c5-9ab1-e3173c2f55fb,7,1669,True,,24155,23979,84.4387246952756
1670,66a43b4b-203e-47c5-9ab1-e3173c2f55fb,7,1670,True,,24183,24007,76.5492545167217
1671,66a43b4b-203e-47c5-9ab1-e3173c2f55fb,7,1671,True,,24226,24050,79.21604405225298
1672,66a43b4b-203e-47c5-9ab1-e3173c2f55fb,7,1672,True,,24266,24090,97.5491721752478
1673,66a43b4b-203e-47c5-9ab1-e3173c2f55fb,7,1673,True,,24301,24125,77.29836978321327
1674,66a43b4b-203e-47c5-9ab1-e3173c2f55fb,7,1674,True,,24334,24158,86.64779411426207
1675,66a43b4b-203e-47c5-9ab1-e3173c2f55fb,7,1675,True,,24365,24189,75.0032684368125
1676,66a43b4b-203e-47c5-9ab1-e3173c2f55fb,7,1676,True,,24403,24227,130.2924765590069
1677,66a43b4b-203e-47c5-9ab1-e3173c2f55fb,7,1677,True,,24439,24263,81.70197126696075
1678,66a43b4b-203e-47c5-9ab1-e3173c2f55fb,7,1678,True,,24471,24295,86.7181493889766
1679,66a43b4b-203e-47c5-9ab1-e3173c2f55fb,7,1679,True,,24523,24347,138.79646242304443
1680,66a43b4b-203e-47c5-9ab1-e3173c2f55fb,7,1680,True,,24567,24391,136.06659768682948
1681,66a43b4b-203e-47c5-9ab1-e3173c2f55fb,7,1681,True,,24604,24428,148.06653899470257
1682,66a43b4b-203e-47c5-9ab1-e3173c2f55fb,7,1682,True,,24629,24453,89.77227449328711
1683,66a43b4b-203e-47c5-9ab1-e3173c2f55fb,7,1683,True,,24666,24490,98.64215241486454
1684,66a43b4b-203e-47c5-9ab1-e3173c2f55fb,7,1684,True,,24712,24536,81.89030761639515
1685,66a43b4b-203e-47c5-9ab1-e3173c2f55fb,7,1685,True,,24740,24564,85.41520404785479
1686,66a43b4b-203e-47c5-9ab1-e3173c2f55fb,7,1686,True,,24772,24596,84.29930116421747
1687,66a43b4b-203e-47c5-9ab1-e3173c2f55fb,7,1687,True,,24813,24637,91.46691026230837
1688,66a43b4b-203e-47c5-9ab1-e3173c2f55fb,7,1688,True,,24845,24669,88.5047026639404
1689,66a43b4b-203e-47c5-9ab1-e3173c2f55fb,7,1689,True,,24876,24700,161.82011984468772
1690,66a43b4b-203e-47c5-9ab1-e3173c2f55fb,7,1690,True,,24915,24739,88.495252633169
1691,66a43b4b-203e-47c5-9ab1-e3173c2f55fb,7,1691,True,,24952,24776,128.74565802979487
1692,66a43b4b-203e-47c5-9ab1-e3173c2f55fb,7,1692,True,,24992,24816,101.55801763585623
1693,66a43b4b-203e-47c5-9ab1-e3173c2f55fb,7,1693,True,,25031,24855,77.72425708538503
1694,66a43b4b-203e-47c5-9ab1-e3173c2f55fb,7,1694,True,,25064,24888,85.40038362343694
1695,66a43b4b-203e-47c5-9ab1-e3173c2f55fb,7,1695,True,,25110,24934,76.80329931421875
1696,66a43b4b-203e-47c5-9ab1-e3173c2f55fb,7,1696,True,,25137,24961,94.7160692055113
1697,66a43b4b-203e-47c5-9ab1-e3173c2f55fb,7,1697,True,,25177,25001,126.7798602497096
1698,66a43b4b-203e-47c5-9ab1-e3173c2f55fb,7,1698,True,,25204,25028,116.63770435160404
1699,66a43b4b-203e-47c5-9ab1-e3173c2f55fb,7,1699,True,,25244,25068,90.3440078397798
1700,66a43b4b-203e-47c5-9ab1-e3173c2f55fb,7,1700,True,,25275,25099,77.8643238438126
1701,66a43b4b-203e-47c5-9ab1-e3173c2f55fb,7,1701,True,,25311,25135,92.63454668316263
1702,66a43b4b-203e-47c5-9ab1-e3173c2f55fb,7,1702,True,,25361,25185,111.26095497260394
1703,66a43b4b-203e-47c5-9ab1-e3173c2f55fb,7,1703,True,,25397,25221,88.99207144771935
1704,66a43b4b-203e-47c5-9ab1-e3173c2f55fb,7,1704,True,,25434,25258,153.66371578871258
1705,66a43b4b-203e-47c5-9ab1-e3173c2f55fb,7,1705,True,,25472,25296,159.49021527067453
1706,66a43b4b-203e-47c5-9ab1-e3173c2f55fb,7,1706,True,,25503,25327,97.36033563861565
1707,66a43b4b-203e-47c5-9ab1-e3173c2f55fb,7,1707,True,,25535,25359,84.48967402014387
1708,66a43b4b-203e-47c5-9ab1-e3173c2f55fb,7,1708,True,,25570,25394,95.36697620744962
1709,66a43b4b-203e-47c5-9ab1-e3173c2f55fb,7,1709,True,,25607,25431,86.30084248375715
1710,66a43b4b-203e-47c5-9ab1-e3173c2f55fb,7,1710,True,,25640,25464,106.51463163542212
1711,66a43b4b-203e-47c5-9ab1-e3173c2f55fb,7,1711,True,,25674,25498,87.21756816924244
1712,66a43b4b-203e-47c5-9ab1-e3173c2f55fb,7,1712,True,,25713,25537,87.98743740395003
1713,66a43b4b-203e-47c5-9ab1-e3173c2f55fb,7,1713,True,,25741,25565,133.470797152273
1714,66a43b4b-203e-47c5-9ab1-e3173c2f55fb,7,1714,True,,25769,25593,86.25599165963649
1715,66a43b4b-203e-47c5-9ab1-e3173c2f55fb,7,1715,True,,25808,25632,86.09798071076875
1716,66a43b4b-203e-47c5-9ab1-e3173c2f55fb,7,1716,True,,25848,25672,82.54793990469625
1717,66a43b4b-203e-47c5-9ab1-e3173c2f55fb,7,1717,True,,25884,25708,80.13289110593905
1718,66a43b4b-203e-47c5-9ab1-e3173c2f55fb,7,1718,True,,25922,25746,76.19424207052361
1719,66a43b4b-203e-47c5-9ab1-e3173c2f55fb,7,1719,True,,25957,25781,89.28786200339164
1720,66a43b4b-203e-47c5-9ab1-e3173c2f55fb,7,1720,True,,26000,25824,83.57137057177533
1721,66a43b4b-203e-47c5-9ab1-e3173c2f55fb,7,1721,True,,26027,25851,93.2777732659888
1722,66a43b4b-203e-47c5-9ab1-e3173c2f55fb,7,1722,True,,26064,25888,88.70204489726893
1723,66a43b4b-203e-47c5-9ab1-e3173c2f55fb,7,1723,True,,26090,25914,85.76545989302758
1724,66a43b4b-203e-47c5-9ab1-e3173c2f55fb,7,1724,True,,26117,25941,89.48769186612844
1725,66a43b4b-203e-47c5-9ab1-e3173c2f55fb,7,1725,True,,26153,25977,87.25754599069478
1726,66a43b4b-203e-47c5-9ab1-e3173c2f55fb,7,1726,True,,26191,26015,107.80814382776589
1727,66a43b4b-203e-47c5-9ab1-e3173c2f55fb,7,1727,True,,26230,26054,112.42618962931738
1728,66a43b4b-203e-47c5-9ab1-e3173c2f55fb,7,1728,True,,26262,26086,95.22647401391805
1729,66a43b4b-203e-47c5-9ab1-e3173c2f55fb,7,1729,True,,26299,26123,122.60173310180107
1730,66a43b4b-203e-47c5-9ab1-e3173c2f55fb,7,1730,True,,26332,26156,103.07559680566919
1731,66a43b4b-203e-47c5-9ab1-e3173c2f55fb,7,1731,True,,26367,26191,92.47722836665707
1732,66a43b4b-203e-47c5-9ab1-e3173c2f55fb,7,1732,True,,26406,26230,83.57588406053765
1733,66a43b4b-203e-47c5-9ab1-e3173c2f55fb,7,1733,True,,26439,26263,153.3620713003038
1734,66a43b4b-203e-47c5-9ab1-e3173c2f55fb,7,1734,True,,26478,26302,129.1142742504344
1735,66a43b4b-203e-47c5-9ab1-e3173c2f55fb,7,1735,True,,26517,26341,102.64662661049442
1736,66a43b4b-203e-47c5-9ab1-e3173c2f55fb,7,1736,True,,26557,26381,89.08264680545108
1737,66a43b4b-203e-47c5-9ab1-e3173c2f55fb,7,1737,True,,26591,26415,82.27272489936513
1738,66a43b4b-203e-47c5-9ab1-e3173c2f55fb,7,1738,True,,26622,26446,74.6848568584901
1739,66a43b4b-203e-47c5-9ab1-e3173c2f55fb,7,1739,True,,26655,26479,86.37922990270454
1740,66a43b4b-203e-47c5-9ab1-e3173c2f55fb,7,1740,True,,26688,26512,94.26376825174157
1741,66a43b4b-203e-47c5-9ab1-e3173c2f55fb,7,1741,True,,26717,26541,88.95290543085139
1742,66a43b4b-203e-47c5-9ab1-e3173c2f55fb,7,1742,True,,26750,26574,131.75729508667064
1743,66a43b4b-203e-47c5-9ab1-e3173c2f55fb,7,1743,True,,26784,26608,83.72389828165615
1744,66a43b4b-203e-47c5-9ab1-e3173c2f55fb,7,1744,True,,26823,26647,74.97973881622238
1745,66a43b4b-203e-47c5-9ab1-e3173c2f55fb,7,1745,True,,26861,26685,79.19565232046443
1746,66a43b4b-203e-47c5-9ab1-e3173c2f55fb,7,1746,True,,26889,26713,78.30084914278268
1747,66a43b4b-203e-47c5-9ab1-e3173c2f55fb,7,1747,True,,26926,26750,76.80769330218027
1748,66a43b4b-203e-47c5-9ab1-e3173c2f55fb,7,1748,True,,26960,26784,82.17357438701583
1749,66a43b4b-203e-47c5-9ab1-e3173c2f55fb,7,1749,True,,26988,26812,112.58445361319173
1750,66a43b4b-203e-47c5-9ab1-e3173c2f55fb,7,1750,True,,27017,26841,96.19505199581181
1751,66a43b4b-203e-47c5-9ab1-e3173c2f55fb,7,1751,True,,27047,26871,85.03362176939845
1752,66a43b4b-203e-47c5-9ab1-e3173c2f55fb,7,1752,True,,27084,26908,91.94783595288754
1753,66a43b4b-203e-47c5-9ab1-e3173c2f55fb,7,1753,True,,27128,26952,81.44370639843328
1754,66a43b4b-203e-47c5-9ab1-e3173c2f55fb,7,1754,True,,27161,26985,78.3613584789673
1755,66a43b4b-203e-47c5-9ab1-e3173c2f55fb,7,1755,True,,27197,27021,87.71107372638653
1756,66a43b4b-203e-47c5-9ab1-e3173c2f55fb,7,1756,True,,27234,27058,130.34098851938325
1757,66a43b4b-203e-47c5-9ab1-e3173c2f55fb,7,1757,True,,27268,27092,117.96713146020193
1758,66a43b4b-203e-47c5-9ab1-e3173c2f55fb,7,1758,True,,27296,27120,116.44467458825602
1759,66a43b4b-203e-47c5-9ab1-e3173c2f55fb,7,1759,True,,27330,27154,94.0829511715965
1760,66a43b4b-203e-47c5-9ab1-e3173c2f55fb,7,1760,True,,27370,27194,73.98221558530349
1761,66a43b4b-203e-47c5-9ab1-e3173c2f55fb,7,1761,True,,27412,27236,78.52634606389256
1762,66a43b4b-203e-47c5-9ab1-e3173c2f55fb,7,1762,True,,27447,27271,80.92829858432015
1763,66a43b4b-203e-47c5-9ab1-e3173c2f55fb,7,1763,True,,27489,27313,79.15876651317376
1764,66a43b4b-203e-47c5-9ab1-e3173c2f55fb,7,1764,True,,27521,27345,75.49516112747733
1765,66a43b4b-203e-47c5-9ab1-e3173c2f55fb,7,1765,True,,27549,27373,109.21867442691655
1766,66a43b4b-203e-47c5-9ab1-e3173c2f55fb,7,1766,True,,27603,27427,85.85281030140322
1767,66a43b4b-203e-47c5-9ab1-e3173c2f55fb,7,1767,True,,27643,27467,93.2154788708176
1768,66a43b4b-203e-47c5-9ab1-e3173c2f55fb,7,1768,True,,27677,27501,86.37955066118957
1769,66a43b4b-203e-47c5-9ab1-e3173c2f55fb,7,1769,True,,27714,27538,79.49456592014758
1770,66a43b4b-203e-47c5-9ab1-e3173c2f55fb,7,1770,True,,27753,27577,94.5546556375557
1771,66a43b4b-203e-47c5-9ab1-e3173c2f55fb,7,1771,False,2.0,27779,27603,63.551964307749586
1772,66a43b4b-203e-47c5-9ab1-e3173c2f55fb,7,1772,True,,27811,27635,87.62760839087423
1773,66a43b4b-203e-47c5-9ab1-e3173c2f55fb,7,1773,True,,27846,27670,102.1808649044142
1774,66a43b4b-203e-47c5-9ab1-e3173c2f55fb,7,1774,True,,27880,27704,93.91335460313712
1775,66a43b4b-203e-47c5-9ab1-e3173c2f55fb,7,1775,True,,27917,27741,84.60757870771704
1776,66a43b4b-203e-47c5-9ab1-e3173c2f55fb,7,1776,True,,27951,27775,138.9980571976339
1777,66a43b4b-203e-47c5-9ab1-e3173c2f55fb,7,1777,True,,27986,27810,90.4955983253567
1778,66a43b4b-203e-47c5-9ab1-e3173c2f55fb,7,1778,True,,28023,27847,131.77014174243232
1779,66a43b4b-203e-47c5-9ab1-e3173c2f55fb,7,1779,True,,28064,27888,104.38918502071101
1780,66a43b4b-203e-47c5-9ab1-e3173c2f55fb,7,1780,True,,28106,27930,75.8847898691638
1781,66a43b4b-203e-47c5-9ab1-e3173c2f55fb,7,1781,True,,28147,27971,90.99994116820744
1782,66a43b4b-203e-47c5-9ab1-e3173c2f55fb,7,1782,True,,28181,28005,78.66433506156318
1783,66a43b4b-203e-47c5-9ab1-e3173c2f55fb,7,1783,True,,28217,28041,75.89605901752293
1784,66a43b4b-203e-47c5-9ab1-e3173c2f55fb,7,1784,True,,28247,28071,79.01018989998192
1785,66a43b4b-203e-47c5-9ab1-e3173c2f55fb,7,1785,True,,28284,28108,82.4212815076462
1786,66a43b4b-203e-47c5-9ab1-e3173c2f55fb,7,1786,True,,28308,28132,83.51328841966824
1787,66a43b4b-203e-47c5-9ab1-e3173c2f55fb,7,1787,True,,28349,28173,82.06046198512922
1788,66a43b4b-203e-47c5-9ab1-e3173c2f55fb,7,1788,True,,28379,28203,84.35677671903613
1789,66a43b4b-203e-47c5-9ab1-e3173c2f55fb,7,1789,True,,28404,28228,92.82714301441956
1790,66a43b4b-203e-47c5-9ab1-e3173c2f55fb,7,1790,True,,28433,28257,176.35798103203706
1791,66a43b4b-203e-47c5-9ab1-e3173c2f55fb,7,1791,True,,28463,28287,161.67707664059708
1792,66a43b4b-203e-47c5-9ab1-e3173c2f55fb,7,1792,True,,28485,28309,90.97754827479002
1793,66a43b4b-203e-47c5-9ab1-e3173c2f55fb,7,1793,True,,28521,28345,142.64434602691472
1794,66a43b4b-203e-47c5-9ab1-e3173c2f55fb,7,1794,True,,28555,28379,158.05927433832767
1795,66a43b4b-203e-47c5-9ab1-e3173c2f55fb,7,1795,True,,28583,28407,93.21127111532405
1796,66a43b4b-203e-47c5-9ab1-e3173c2f55fb,7,1796,True,,28607,28431,92.87458189829704
1797,66a43b4b-203e-47c5-9ab1-e3173c2f55fb,7,1797,True,,28644,28468,167.85909913893192
1798,66a43b4b-203e-47c5-9ab1-e3173c2f55fb,7,1798,True,,28688,28512,140.54394511307328
1799,66a43b4b-203e-47c5-9ab1-e3173c2f55fb,7,1799,True,,28739,28563,122.90739734929593
1800,66a43b4b-203e-47c5-9ab1-e3173c2f55fb,7,1800,True,,28765,28589,79.0329411505445
1801,66a43b4b-203e-47c5-9ab1-e3173c2f55fb,7,1801,True,,28794,28618,87.48664349586761
1802,66a43b4b-203e-47c5-9ab1-e3173c2f55fb,7,1802,True,,28832,28656,83.75908030372011
1803,66a43b4b-203e-47c5-9ab1-e3173c2f55fb,7,1803,True,,28880,28704,79.65850049075016
1804,66a43b4b-203e-47c5-9ab1-e3173c2f55fb,7,1804,True,,28912,28736,83.10865048904088
1805,66a43b4b-203e-47c5-9ab1-e3173c2f55fb,7,1805,True,,28941,28765,89.89111226516252
1806,66a43b4b-203e-47c5-9ab1-e3173c2f55fb,7,1806,True,,28969,28793,88.3165937250269
1807,66a43b4b-203e-47c5-9ab1-e3173c2f55fb,7,1807,True,,29000,28824,93.28643796528559
1808,66a43b4b-203e-47c5-9ab1-e3173c2f55fb,7,1808,True,,29049,28873,89.0536944619962
1809,66a43b4b-203e-47c5-9ab1-e3173c2f55fb,7,1809,True,,29083,28907,88.10853957298968
1810,66a43b4b-203e-47c5-9ab1-e3173c2f55fb,7,1810,True,,29108,28932,84.307934345994
1811,66a43b4b-203e-47c5-9ab1-e3173c2f55fb,7,1811,True,,29147,28971,79.18484131337391
1812,66a43b4b-203e-47c5-9ab1-e3173c2f55fb,7,1812,True,,29181,29005,87.73781540241544
1813,66a43b4b-203e-47c5-9ab1-e3173c2f55fb,7,1813,True,,29215,29039,99.59911338148959
1814,66a43b4b-203e-47c5-9ab1-e3173c2f55fb,7,1814,True,,29248,29072,131.57570306888374
1815,66a43b4b-203e-47c5-9ab1-e3173c2f55fb,7,1815,True,,29285,29109,129.03559967737237
1816,66a43b4b-203e-47c5-9ab1-e3173c2f55fb,7,1816,True,,29317,29141,110.4630949062448
1817,66a43b4b-203e-47c5-9ab1-e3173c2f55fb,7,1817,True,,29348,29172,95.24505410675556
1818,66a43b4b-203e-47c5-9ab1-e3173c2f55fb,7,1818,True,,29377,29201,90.95462992053945
1819,66a43b4b-203e-47c5-9ab1-e3173c2f55fb,7,1819,True,,29416,29240,87.73970453582297
1820,66a43b4b-203e-47c5-9ab1-e3173c2f55fb,7,1820,True,,29451,29275,83.82374604546203
1821,66a43b4b-203e-47c5-9ab1-e3173c2f55fb,7,1821,True,,29476,29300,88.81206557585392
1822,66a43b4b-203e-47c5-9ab1-e3173c2f55fb,7,1822,True,,29509,29333,81.45880485536327
1823,66a43b4b-203e-47c5-9ab1-e3173c2f55fb,7,1823,True,,29539,29363,78.43814355631184
1824,66a43b4b-203e-47c5-9ab1-e3173c2f55fb,7,1824,True,,29568,29392,86.62094478459767
1825,66a43b4b-203e-47c5-9ab1-e3173c2f55fb,7,1825,True,,29601,29425,101.54943794578867
1826,66a43b4b-203e-47c5-9ab1-e3173c2f55fb,7,1826,True,,29635,29459,95.09478286321246
1827,66a43b4b-203e-47c5-9ab1-e3173c2f55fb,7,1827,True,,29677,29501,116.65421348017117
1828,66a43b4b-203e-47c5-9ab1-e3173c2f55fb,7,1828,True,,29720,29544,87.66317095592967
1829,66a43b4b-203e-47c5-9ab1-e3173c2f55fb,7,1829,True,,29759,29583,86.43656079173161
1830,66a43b4b-203e-47c5-9ab1-e3173c2f55fb,7,1830,True,,29793,29617,138.59791018468604
1831,66a43b4b-203e-47c5-9ab1-e3173c2f55fb,7,1831,True,,29827,29651,117.67860866103729
1832,66a43b4b-203e-47c5-9ab1-e3173c2f55fb,7,1832,True,,29866,29690,100.07272760021078
1833,66a43b4b-203e-47c5-9ab1-e3173c2f55fb,7,1833,True,,29894,29718,104.32317248306936
1834,66a43b4b-203e-47c5-9ab1-e3173c2f55fb,7,1834,True,,29924,29748,124.30748992201916
1835,66a43b4b-203e-47c5-9ab1-e3173c2f55fb,7,1835,True,,29963,29787,138.58199136414987
1836,66a43b4b-203e-47c5-9ab1-e3173c2f55fb,7,1836,True,,29997,29821,90.65718243470837
1837,66a43b4b-203e-47c5-9ab1-e3173c2f55fb,7,1837,True,,30034,29858,91.6335538635285
1838,66a43b4b-203e-47c5-9ab1-e3173c2f55fb,7,1838,True,,30063,29887,130.05479366041618
1839,66a43b4b-203e-47c5-9ab1-e3173c2f55fb,7,1839,True,,30100,29924,104.42498995354617
1840,66a43b4b-203e-47c5-9ab1-e3173c2f55fb,7,1840,True,,30130,29954,118.7549829994714
1841,66a43b4b-203e-47c5-9ab1-e3173c2f55fb,7,1841,True,,30171,29995,92.12665495908732
1842,66a43b4b-203e-47c5-9ab1-e3173c2f55fb,7,1842,True,,30202,30026,75.46440852445448
1843,66a43b4b-203e-47c5-9ab1-e3173c2f55fb,7,1843,True,,30239,30063,80.85694004366451
1844,66a43b4b-203e-47c5-9ab1-e3173c2f55fb,7,1844,True,,30279,30103,100.91532168623235
1845,66a43b4b-203e-47c5-9ab1-e3173c2f55fb,7,1845,True,,30314,30138,81.10069778729667
1846,66a43b4b-203e-47c5-9ab1-e3173c2f55fb,7,1846,True,,30345,30169,77.39984584177728
1847,66a43b4b-203e-47c5-9ab1-e3173c2f55fb,7,1847,True,,30382,30206,86.74698252833696
1848,66a43b4b-203e-47c5-9ab1-e3173c2f55fb,7,1848,True,,30414,30238,113.639813675607
1849,66a43b4b-203e-47c5-9ab1-e3173c2f55fb,7,1849,True,,30450,30274,90.82420659612762
1850,66a43b4b-203e-47c5-9ab1-e3173c2f55fb,7,1850,True,,30490,30314,76.93988484284273
1851,66a43b4b-203e-47c5-9ab1-e3173c2f55fb,7,1851,True,,30527,30351,129.15739944946472
1852,66a43b4b-203e-47c5-9ab1-e3173c2f55fb,7,1852,True,,30556,30380,80.10931369082027
1853,66a43b4b-203e-47c5-9ab1-e3173c2f55fb,7,1853,True,,30582,30406,123.56903828404756
1854,66a43b4b-203e-47c5-9ab1-e3173c2f55fb,7,1854,True,,30619,30443,99.25655541132437
1855,66a43b4b-203e-47c5-9ab1-e3173c2f55fb,7,1855,True,,30655,30479,80.75065277760223
1856,66a43b4b-203e-47c5-9ab1-e3173c2f55fb,7,1856,True,,30685,30509,120.96821049063874
1857,66a43b4b-203e-47c5-9ab1-e3173c2f55fb,7,1857,True,,30728,30552,95.95084991499243
1858,66a43b4b-203e-47c5-9ab1-e3173c2f55fb,7,1858,True,,30772,30596,81.66946548548003
1859,66a43b4b-203e-47c5-9ab1-e3173c2f55fb,7,1859,True,,30814,30638,81.22177877264403
1860,66a43b4b-203e-47c5-9ab1-e3173c2f55fb,7,1860,True,,30851,30675,86.72584946564166
1861,66a43b4b-203e-47c5-9ab1-e3173c2f55fb,7,1861,True,,30882,30706,89.43601407393362
1862,66a43b4b-203e-47c5-9ab1-e3173c2f55fb,7,1862,True,,30913,30737,128.55346737993023
1863,66a43b4b-203e-47c5-9ab1-e3173c2f55fb,7,1863,True,,30950,30774,76.77295391528605
1864,66a43b4b-203e-47c5-9ab1-e3173c2f55fb,7,1864,True,,30984,30808,90.37302482083396
1865,66a43b4b-203e-47c5-9ab1-e3173c2f55fb,7,1865,True,,31009,30833,91.32013183897288
1866,66a43b4b-203e-47c5-9ab1-e3173c2f55fb,7,1866,True,,31038,30862,83.54868922220703
1867,66a43b4b-203e-47c5-9ab1-e3173c2f55fb,7,1867,True,,31068,30892,97.75590559447664
1868,66a43b4b-203e-47c5-9ab1-e3173c2f55fb,7,1868,True,,31102,30926,118.51206723886571
1869,66a43b4b-203e-47c5-9ab1-e3173c2f55fb,7,1869,True,,31141,30965,92.42088533006972
1870,66a43b4b-203e-47c5-9ab1-e3173c2f55fb,7,1870,True,,31188,31012,75.1019143681915
1871,66a43b4b-203e-47c5-9ab1-e3173c2f55fb,7,1871,True,,31217,31041,83.38470472205154
1872,66a43b4b-203e-47c5-9ab1-e3173c2f55fb,7,1872,True,,31252,31076,80.42740191788471
1873,66a43b4b-203e-47c5-9ab1-e3173c2f55fb,7,1873,True,,31291,31115,71.03240044925042
1874,66a43b4b-203e-47c5-9ab1-e3173c2f55fb,7,1874,True,,31331,31155,92.75290545473399
1875,66a43b4b-203e-47c5-9ab1-e3173c2f55fb,7,1875,True,,31375,31199,74.83620937043816
1876,66a43b4b-203e-47c5-9ab1-e3173c2f55fb,7,1876,True,,31406,31230,95.48682594113052
1877,66a43b4b-203e-47c5-9ab1-e3173c2f55fb,7,1877,True,,31437,31261,122.42660835095012
1878,66a43b4b-203e-47c5-9ab1-e3173c2f55fb,7,1878,True,,31473,31297,99.10941751762584
1879,66a43b4b-203e-47c5-9ab1-e3173c2f55fb,7,1879,True,,31504,31328,90.12622774038755
1880,66a43b4b-203e-47c5-9ab1-e3173c2f55fb,7,1880,True,,31545,31369,78.13262277991089
1881,66a43b4b-203e-47c5-9ab1-e3173c2f55fb,7,1881,True,,31579,31403,84.41844448791016
1882,66a43b4b-203e-47c5-9ab1-e3173c2f55fb,7,1882,True,,31626,31450,84.19905414920504
1883,66a43b4b-203e-47c5-9ab1-e3173c2f55fb,7,1883,True,,31667,31491,95.58892500407819
1884,66a43b4b-203e-47c5-9ab1-e3173c2f55fb,7,1884,True,,31701,31525,78.04840800652164
1885,66a43b4b-203e-47c5-9ab1-e3173c2f55fb,7,1885,True,,31740,31564,83.06601663413676
1886,66a43b4b-203e-47c5-9ab1-e3173c2f55fb,7,1886,True,,31777,31601,79.21553638372279
1887,66a43b4b-203e-47c5-9ab1-e3173c2f55fb,7,1887,True,,31813,31637,110.33450430459197
1888,66a43b4b-203e-47c5-9ab1-e3173c2f55fb,7,1888,True,,31847,31671,102.23943855575635
1889,66a43b4b-203e-47c5-9ab1-e3173c2f55fb,7,1889,True,,31887,31711,88.94851903491872
1890,66a43b4b-203e-47c5-9ab1-e3173c2f55fb,7,1890,True,,31921,31745,82.3707239647847
1891,66a43b4b-203e-47c5-9ab1-e3173c2f55fb,7,1891,True,,31951,31775,79.17597655273858
1892,66a43b4b-203e-47c5-9ab1-e3173c2f55fb,7,1892,True,,31996,31820,83.3057961539198
1893,66a43b4b-203e-47c5-9ab1-e3173c2f55fb,7,1893,True,,32039,31863,109.46857247837033
1894,66a43b4b-203e-47c5-9ab1-e3173c2f55fb,7,1894,True,,32089,31913,85.30675664192313
1895,66a43b4b-203e-47c5-9ab1-e3173c2f55fb,7,1895,True,,32122,31946,78.27847816506255
1896,66a43b4b-203e-47c5-9ab1-e3173c2f55fb,7,1896,True,,32157,31981,74.48990099397997
1897,66a43b4b-203e-47c5-9ab1-e3173c2f55fb,7,1897,True,,32188,32012,88.38609936723515
1898,66a43b4b-203e-47c5-9ab1-e3173c2f55fb,7,1898,True,,32220,32044,89.36466819380075
1899,66a43b4b-203e-47c5-9ab1-e3173c2f55fb,7,1899,True,,32263,32087,78.00618747352928
1900,66a43b4b-203e-47c5-9ab1-e3173c2f55fb,7,1900,True,,32291,32115,80.16971194163852
1901,66a43b4b-203e-47c5-9ab1-e3173c2f55fb,7,1901,True,,32339,32163,84.34281893382285
1902,66a43b4b-203e-47c5-9ab1-e3173c2f55fb,7,1902,True,,32372,32196,82.90056589275264
1903,66a43b4b-203e-47c5-9ab1-e3173c2f55fb,7,1903,True,,32410,32234,107.03753970089747
1904,66a43b4b-203e-47c5-9ab1-e3173c2f55fb,7,1904,True,,32437,32261,93.16242095241614
1905,66a43b4b-203e-47c5-9ab1-e3173c2f55fb,7,1905,True,,32470,32294,114.85751833189352
1906,66a43b4b-203e-47c5-9ab1-e3173c2f55fb,7,1906,True,,32510,32334,89.75785713108417
1907,66a43b4b-203e-47c5-9ab1-e3173c2f55fb,7,1907,True,,32558,32382,81.39185171311328
1908,66a43b4b-203e-47c5-9ab1-e3173c2f55fb,7,1908,True,,32601,32425,99.16163985035746
1909,66a43b4b-203e-47c5-9ab1-e3173c2f55fb,7,1909,True,,32640,32464,92.45229040746563
1910,66a43b4b-203e-47c5-9ab1-e3173c2f55fb,7,1910,True,,32679,32503,136.53396780835465
1911,66a43b4b-203e-47c5-9ab1-e3173c2f55fb,7,1911,True,,32723,32547,117.84202287866356
1912,66a43b4b-203e-47c5-9ab1-e3173c2f55fb,7,1912,True,,32758,32582,105.72369985168916
1913,66a43b4b-203e-47c5-9ab1-e3173c2f55fb,7,1913,True,,32792,32616,140.98372788541747
1914,66a43b4b-203e-47c5-9ab1-e3173c2f55fb,7,1914,True,,32834,32658,85.74179134799488
1915,66a43b4b-203e-47c5-9ab1-e3173c2f55fb,7,1915,True,,32864,32688,84.17151059391472
1916,66a43b4b-203e-47c5-9ab1-e3173c2f55fb,7,1916,True,,32900,32724,78.55866103707376
1917,66a43b4b-203e-47c5-9ab1-e3173c2f55fb,7,1917,True,,32935,32759,76.29084658141073
1918,66a43b4b-203e-47c5-9ab1-e3173c2f55fb,7,1918,True,,32977,32801,88.01660437716782
1919,66a43b4b-203e-47c5-9ab1-e3173c2f55fb,7,1919,True,,33004,32828,98.37146076664067
1920,66a43b4b-203e-47c5-9ab1-e3173c2f55fb,7,1920,True,,33043,32867,84.04391241122357
1921,66a43b4b-203e-47c5-9ab1-e3173c2f55fb,7,1921,True,,33076,32900,80.24395491679752
1922,66a43b4b-203e-47c5-9ab1-e3173c2f55fb,7,1922,True,,33116,32940,81.14874708810385
1923,66a43b4b-203e-47c5-9ab1-e3173c2f55fb,7,1923,True,,33150,32974,90.19610673574061
1924,66a43b4b-203e-47c5-9ab1-e3173c2f55fb,7,1924,True,,33189,33013,89.52846718702494
1925,66a43b4b-203e-47c5-9ab1-e3173c2f55fb,7,1925,True,,33220,33044,84.47995940023247
1926,66a43b4b-203e-47c5-9ab1-e3173c2f55fb,7,1926,True,,33268,33092,84.83226765439758
1927,66a43b4b-203e-47c5-9ab1-e3173c2f55fb,7,1927,True,,33309,33133,133.74905583912187
1928,66a43b4b-203e-47c5-9ab1-e3173c2f55fb,7,1928,True,,33337,33161,87.34786288998293
1929,66a43b4b-203e-47c5-9ab1-e3173c2f55fb,7,1929,True,,33370,33194,89.97440202881262
1930,66a43b4b-203e-47c5-9ab1-e3173c2f55fb,7,1930,True,,33403,33227,87.4645049507235
1931,66a43b4b-203e-47c5-9ab1-e3173c2f55fb,7,1931,True,,33438,33262,84.90854419220705
1932,66a43b4b-203e-47c5-9ab1-e3173c2f55fb,7,1932,True,,33474,33298,81.16417401261424
1933,66a43b4b-203e-47c5-9ab1-e3173c2f55fb,7,1933,True,,33505,33329,76.14691667197621
1934,66a43b4b-203e-47c5-9ab1-e3173c2f55fb,7,1934,True,,33544,33368,127.38099915474595
1935,66a43b4b-203e-47c5-9ab1-e3173c2f55fb,7,1935,True,,33578,33402,141.40880492819997
1936,66a43b4b-203e-47c5-9ab1-e3173c2f55fb,7,1936,True,,33619,33443,149.02580672482145
1937,66a43b4b-203e-47c5-9ab1-e3173c2f55fb,7,1937,False,2.0,33661,33485,62.14220786601072
1938,66a43b4b-203e-47c5-9ab1-e3173c2f55fb,7,1938,True,,33695,33519,121.69393686729018
1939,66a43b4b-203e-47c5-9ab1-e3173c2f55fb,7,1939,True,,33726,33550,112.99230668589735
1940,66a43b4b-203e-47c5-9ab1-e3173c2f55fb,7,1940,True,,33762,33586,94.41047253098077
1941,66a43b4b-203e-47c5-9ab1-e3173c2f55fb,7,1941,True,,33797,33621,83.67083827465831
1942,66a43b4b-203e-47c5-9ab1-e3173c2f55fb,7,1942,True,,33830,33654,84.7262541845048
1943,66a43b4b-203e-47c5-9ab1-e3173c2f55fb,7,1943,True,,33860,33684,92.08801347721601
1944,66a43b4b-203e-47c5-9ab1-e3173c2f55fb,7,1944,True,,33890,33714,81.60379085168825
1945,66a43b4b-203e-47c5-9ab1-e3173c2f55fb,7,1945,True,,33930,33754,80.69981298827042
1946,66a43b4b-203e-47c5-9ab1-e3173c2f55fb,7,1946,True,,33957,33781,75.18380233634525
1947,66a43b4b-203e-47c5-9ab1-e3173c2f55fb,7,1947,True,,33991,33815,82.33962250757031
1948,66a43b4b-203e-47c5-9ab1-e3173c2f55fb,7,1948,True,,34027,33851,135.66959663938906
1949,66a43b4b-203e-47c5-9ab1-e3173c2f55fb,7,1949,True,,34060,33884,91.48201927392074
1950,66a43b4b-203e-47c5-9ab1-e3173c2f55fb,7,1950,True,,34100,33924,91.6359954997024
1951,66a43b4b-203e-47c5-9ab1-e3173c2f55fb,7,1951,True,,34131,33955,84.81510256375623
1952,66a43b4b-203e-47c5-9ab1-e3173c2f55fb,7,1952,True,,34161,33985,102.16523842242168
1953,66a43b4b-203e-47c5-9ab1-e3173c2f55fb,7,1953,True,,34195,34019,113.7566323919018
1954,66a43b4b-203e-47c5-9ab1-e3173c2f55fb,7,1954,True,,34228,34052,114.98638240165747
1955,66a43b4b-203e-47c5-9ab1-e3173c2f55fb,7,1955,True,,34267,34091,127.48621201107017
1956,66a43b4b-203e-47c5-9ab1-e3173c2f55fb,7,1956,True,,34307,34131,110.37930982153193
1957,66a43b4b-203e-47c5-9ab1-e3173c2f55fb,7,1957,True,,34350,34174,90.43439144708827
1958,66a43b4b-203e-47c5-9ab1-e3173c2f55fb,7,1958,True,,34389,34213,80.31557971809525
1959,66a43b4b-203e-47c5-9ab1-e3173c2f55fb,7,1959,True,,34420,34244,84.7880434931867
1960,66a43b4b-203e-47c5-9ab1-e3173c2f55fb,7,1960,True,,34453,34277,85.19831778217485
1961,66a43b4b-203e-47c5-9ab1-e3173c2f55fb,7,1961,True,,34484,34308,163.95419545055483
1962,66a43b4b-203e-47c5-9ab1-e3173c2f55fb,7,1962,True,,34508,34332,78.48509383288183
1963,66a43b4b-203e-47c5-9ab1-e3173c2f55fb,7,1963,True,,34545,34369,116.08899370812287
1964,66a43b4b-203e-47c5-9ab1-e3173c2f55fb,7,1964,True,,34579,34403,111.17211781518563
1965,66a43b4b-203e-47c5-9ab1-e3173c2f55fb,7,1965,True,,34615,34439,88.27583942718775
1966,66a43b4b-203e-47c5-9ab1-e3173c2f55fb,7,1966,True,,34639,34463,100.39767700968514
1967,66a43b4b-203e-47c5-9ab1-e3173c2f55fb,7,1967,True,,34671,34495,85.10761333601113
1968,66a43b4b-203e-47c5-9ab1-e3173c2f55fb,7,1968,True,,34700,34524,88.9678168969549
1969,66a43b4b-203e-47c5-9ab1-e3173c2f55fb,7,1969,True,,34727,34551,89.3579887564847
1970,66a43b4b-203e-47c5-9ab1-e3173c2f55fb,7,1970,True,,34755,34579,91.71266907438985
1971,66a43b4b-203e-47c5-9ab1-e3173c2f55fb,7,1971,True,,34800,34624,88.63866790901375
1972,66a43b4b-203e-47c5-9ab1-e3173c2f55fb,7,1972,True,,34842,34666,82.96172217362619
1973,66a43b4b-203e-47c5-9ab1-e3173c2f55fb,7,1973,True,,34873,34697,99.2002754209534
1974,66a43b4b-203e-47c5-9ab1-e3173c2f55fb,7,1974,True,,34902,34726,123.03631653620687
1975,66a43b4b-203e-47c5-9ab1-e3173c2f55fb,7,1975,True,,34947,34771,111.3386078432668
1976,66a43b4b-203e-47c5-9ab1-e3173c2f55fb,7,1976,True,,34991,34815,101.68300447928777
1977,66a43b4b-203e-47c5-9ab1-e3173c2f55fb,7,1977,True,,35023,34847,139.0957779672608
1978,66a43b4b-203e-47c5-9ab1-e3173c2f55fb,7,1978,True,,35056,34880,126.85436738258431
1979,66a43b4b-203e-47c5-9ab1-e3173c2f55fb,7,1979,True,,35092,34916,103.78905301679333
1980,66a43b4b-203e-47c5-9ab1-e3173c2f55fb,7,1980,True,,35131,34955,87.48435990664439
1981,66a43b4b-203e-47c5-9ab1-e3173c2f55fb,7,1981,True,,35163,34987,106.4136572550924
1982,66a43b4b-203e-47c5-9ab1-e3173c2f55fb,7,1982,True,,35204,35028,125.68572278275678
1983,66a43b4b-203e-47c5-9ab1-e3173c2f55fb,7,1983,True,,35242,35066,98.8541326939303
1984,66a43b4b-203e-47c5-9ab1-e3173c2f55fb,7,1984,True,,35278,35102,111.01601185010804
1985,66a43b4b-203e-47c5-9ab1-e3173c2f55fb,7,1985,True,,35311,35135,91.92077723157126
1986,66a43b4b-203e-47c5-9ab1-e3173c2f55fb,7,1986,True,,35331,35155,169.08537797808094
1987,66a43b4b-203e-47c5-9ab1-e3173c2f55fb,7,1987,True,,35364,35188,114.87701866568386
1988,66a43b4b-203e-47c5-9ab1-e3173c2f55fb,7,1988,True,,35393,35217,118.71975291304989
1989,66a43b4b-203e-47c5-9ab1-e3173c2f55fb,7,1989,True,,35442,35266,96.036666853739
1990,66a43b4b-203e-47c5-9ab1-e3173c2f55fb,7,1990,True,,35483,35307,90.92282164486096
1991,66a43b4b-203e-47c5-9ab1-e3173c2f55fb,7,1991,True,,35524,35348,83.81929503753781
1992,66a43b4b-203e-47c5-9ab1-e3173c2f55fb,7,1992,True,,35562,35386,86.14835065183433
1993,66a43b4b-203e-47c5-9ab1-e3173c2f55fb,7,1993,True,,35600,35424,87.13168152770231
1994,66a43b4b-203e-47c5-9ab1-e3173c2f55fb,7,1994,True,,35624,35448,87.12936456967873
1995,66a43b4b-203e-47c5-9ab1-e3173c2f55fb,7,1995,True,,35656,35480,145.39643379960762
1996,66a43b4b-203e-47c5-9ab1-e3173c2f55fb,7,1996,True,,35689,35513,139.16243424388813
1997,66a43b4b-203e-47c5-9ab1-e3173c2f55fb,7,1997,True,,35726,35550,87.7746793639235
1998,66a43b4b-203e-47c5-9ab1-e3173c2f55fb,7,1998,True,,35760,35584,88.6192406559785
1999,66a43b4b-203e-47c5-9ab1-e3173c2f55fb,7,1999,True,,35790,35614,76.35555771290092
2000,8eff1ca1-7e3f-4de9-8347-9e396660e018,8,2000,True,,233,32,101.054559054322
2001,8eff1ca1-7e3f-4de9-8347-9e396660e018,8,2001,True,,270,69,123.05461703817627
2002,8eff1ca1-7e3f-4de9-8347-9e396660e018,8,2002,True,,303,102,124.41765850723817
2003,8eff1ca1-7e3f-4de9-8347-9e396660e018,8,2003,True,,333,132,117.36509175007492
2004,8eff1ca1-7e3f-4de9-8347-9e396660e018,8,2004,True,,375,174,157.04560806465742
2005,8eff1ca1-7e3f-4de9-8347-9e396660e018,8,2005,True,,408,207,103.73008785634119
2006,8eff1ca1-7e3f-4de9-8347-9e396660e018,8,2006,True,,440,239,113.05914902903334
2007,8eff1ca1-7e3f-4de9-8347-9e396660e018,8,2007,True,,478,277,98.71343024783386
2008,8eff1ca1-7e3f-4de9-8347-9e396660e018,8,2008,True,,512,311,89.51070642759913
2009,8eff1ca1-7e3f-4de9-8347-9e396660e018,8,2009,True,,540,339,92.44431328038553
2010,8eff1ca1-7e3f-4de9-8347-9e396660e018,8,2010,True,,568,367,99.35176276649116
2011,8eff1ca1-7e3f-4de9-8347-9e396660e018,8,2011,True,,614,413,85.06743992013406
2012,8eff1ca1-7e3f-4de9-8347-9e396660e018,8,2012,True,,666,465,90.51337424149733
2013,8eff1ca1-7e3f-4de9-8347-9e396660e018,8,2013,True,,706,505,102.01155350234524
2014,8eff1ca1-7e3f-4de9-8347-9e396660e018,8,2014,True,,750,549,96.46166718704887
2015,8eff1ca1-7e3f-4de9-8347-9e396660e018,8,2015,True,,786,585,97.8276169347838
2016,8eff1ca1-7e3f-4de9-8347-9e396660e018,8,2016,True,,819,618,121.69934144675483
2017,8eff1ca1-7e3f-4de9-8347-9e396660e018,8,2017,True,,860,659,124.56457645244768
2018,8eff1ca1-7e3f-4de9-8347-9e396660e018,8,2018,True,,909,708,101.54497534267648
2019,8eff1ca1-7e3f-4de9-8347-9e396660e018,8,2019,True,,946,745,96.14997600271818
2020,8eff1ca1-7e3f-4de9-8347-9e396660e018,8,2020,True,,968,767,97.14400721318464
2021,8eff1ca1-7e3f-4de9-8347-9e396660e018,8,2021,True,,1003,802,92.24735100529495
2022,8eff1ca1-7e3f-4de9-8347-9e396660e018,8,2022,True,,1037,836,88.91870203787516
2023,8eff1ca1-7e3f-4de9-8347-9e396660e018,8,2023,True,,1088,887,88.68875754002067
2024,8eff1ca1-7e3f-4de9-8347-9e396660e018,8,2024,True,,1123,922,102.83485276355918
2025,8eff1ca1-7e3f-4de9-8347-9e396660e018,8,2025,True,,1168,967,92.12128403462634
2026,8eff1ca1-7e3f-4de9-8347-9e396660e018,8,2026,True,,1201,1000,95.49810487501486
2027,8eff1ca1-7e3f-4de9-8347-9e396660e018,8,2027,True,,1244,1043,89.56254685670274
2028,8eff1ca1-7e3f-4de9-8347-9e396660e018,8,2028,True,,1282,1081,98.62192957308139
2029,8eff1ca1-7e3f-4de9-8347-9e396660e018,8,2029,True,,1316,1115,119.13691383648984
2030,8eff1ca1-7e3f-4de9-8347-9e396660e018,8,2030,True,,1350,1149,144.8331837221872
2031,8eff1ca1-7e3f-4de9-8347-9e396660e018,8,2031,True,,1385,1184,88.22297709336613
2032,8eff1ca1-7e3f-4de9-8347-9e396660e018,8,2032,True,,1418,1217,127.05296950368279
2033,8eff1ca1-7e3f-4de9-8347-9e396660e018,8,2033,True,,1447,1246,148.57947229724527
2034,8eff1ca1-7e3f-4de9-8347-9e396660e018,8,2034,True,,1483,1282,139.8782454547968
2035,8eff1ca1-7e3f-4de9-8347-9e396660e018,8,2035,True,,1515,1314,128.999207711508
2036,8eff1ca1-7e3f-4de9-8347-9e396660e018,8,2036,True,,1550,1349,132.20376309143808
2037,8eff1ca1-7e3f-4de9-8347-9e396660e018,8,2037,True,,1600,1399,108.53755595244866
2038,8eff1ca1-7e3f-4de9-8347-9e396660e018,8,2038,True,,1635,1434,97.00427969231464
2039,8eff1ca1-7e3f-4de9-8347-9e396660e018,8,2039,True,,1671,1470,88.28165048824553
2040,8eff1ca1-7e3f-4de9-8347-9e396660e018,8,2040,True,,1702,1501,93.03558404947262
2041,8eff1ca1-7e3f-4de9-8347-9e396660e018,8,2041,True,,1730,1529,162.31503572849306
2042,8eff1ca1-7e3f-4de9-8347-9e396660e018,8,2042,True,,1769,1568,168.4017323090684
2043,8eff1ca1-7e3f-4de9-8347-9e396660e018,8,2043,True,,1806,1605,110.85473118401751
2044,8eff1ca1-7e3f-4de9-8347-9e396660e018,8,2044,True,,1846,1645,153.0572794093805
2045,8eff1ca1-7e3f-4de9-8347-9e396660e018,8,2045,True,,1886,1685,88.95410333228824
2046,8eff1ca1-7e3f-4de9-8347-9e396660e018,8,2046,True,,1919,1718,100.87145026509597
2047,8eff1ca1-7e3f-4de9-8347-9e396660e018,8,2047,True,,1946,1745,93.07352756354226
2048,8eff1ca1-7e3f-4de9-8347-9e396660e018,8,2048,True,,1988,1787,108.44115289444812
2049,8eff1ca1-7e3f-4de9-8347-9e396660e018,8,2049,True,,2022,1821,96.11895828782758
2050,8eff1ca1-7e3f-4de9-8347-9e396660e018,8,2050,True,,2065,1864,84.03856836516229
2051,8eff1ca1-7e3f-4de9-8347-9e396660e018,8,2051,True,,2109,1908,100.41675590590671
2052,8eff1ca1-7e3f-4de9-8347-9e396660e018,8,2052,True,,2138,1937,91.74658380379151
2053,8eff1ca1-7e3f-4de9-8347-9e396660e018,8,2053,True,,2167,1966,90.90492413702896
2054,8eff1ca1-7e3f-4de9-8347-9e396660e018,8,2054,True,,2203,2002,92.54259453313216
2055,8eff1ca1-7e3f-4de9-8347-9e396660e018,8,2055,True,,2233,2032,92.80984467748522
2056,8eff1ca1-7e3f-4de9-8347-9e396660e018,8,2056,True,,2254,2053,175.24733526884575
2057,8eff1ca1-7e3f-4de9-8347-9e396660e018,8,2057,True,,2291,2090,116.76155282935952
2058,8eff1ca1-7e3f-4de9-8347-9e396660e018,8,2058,True,,2330,2129,115.1548534017411
2059,8eff1ca1-7e3f-4de9-8347-9e396660e018,8,2059,True,,2379,2178,130.0564224003565
2060,8eff1ca1-7e3f-4de9-8347-9e396660e018,8,2060,True,,2426,2225,105.35583163406773
2061,8eff1ca1-7e3f-4de9-8347-9e396660e018,8,2061,True,,2457,2256,104.64621688631541
2062,8eff1ca1-7e3f-4de9-8347-9e396660e018,8,2062,True,,2497,2296,96.86702455098612
2063,8eff1ca1-7e3f-4de9-8347-9e396660e018,8,2063,True,,2529,2328,97.01082923038939
2064,8eff1ca1-7e3f-4de9-8347-9e396660e018,8,2064,True,,2566,2365,87.86747739861221
2065,8eff1ca1-7e3f-4de9-8347-9e396660e018,8,2065,True,,2595,2394,93.83971415553378
2066,8eff1ca1-7e3f-4de9-8347-9e396660e018,8,2066,True,,2636,2435,92.93466443699754
2067,8eff1ca1-7e3f-4de9-8347-9e396660e018,8,2067,True,,2666,2465,95.43648060332725
2068,8eff1ca1-7e3f-4de9-8347-9e396660e018,8,2068,True,,2704,2503,90.7941196596721
2069,8eff1ca1-7e3f-4de9-8347-9e396660e018,8,2069,True,,2739,2538,86.01830902594929
2070,8eff1ca1-7e3f-4de9-8347-9e396660e018,8,2070,True,,2772,2571,90.20817934862043
2071,8eff1ca1-7e3f-4de9-8347-9e396660e018,8,2071,True,,2802,2601,97.31274764271757
2072,8eff1ca1-7e3f-4de9-8347-9e396660e018,8,2072,True,,2831,2630,177.5228074662964
2073,8eff1ca1-7e3f-4de9-8347-9e396660e018,8,2073,True,,2866,2665,113.0770373734581
2074,8eff1ca1-7e3f-4de9-8347-9e396660e018,8,2074,True,,2901,2700,107.5228074662964
2075,8eff1ca1-7e3f-4de9-8347-9e396660e018,8,2075,True,,2938,2737,139.04825008936723
2076,8eff1ca1-7e3f-4de9-8347-9e396660e018,8,2076,True,,2974,2773,137.63721542248732
2077,8eff1ca1-7e3f-4de9-8347-9e396660e018,8,2077,True,,3014,2813,120.26982700594863
2078,8eff1ca1-7e3f-4de9-8347-9e396660e018,8,2078,True,,3049,2848,106.53641192905252
2079,8eff1ca1-7e3f-4de9-8347-9e396660e018,8,2079,True,,3095,2894,103.93791868218568
2080,8eff1ca1-7e3f-4de9-8347-9e396660e018,8,2080,True,,3132,2931,119.54302008949844
2081,8eff1ca1-7e3f-4de9-8347-9e396660e018,8,2081,True,,3167,2966,135.87849850528528
2082,8eff1ca1-7e3f-4de9-8347-9e396660e018,8,2082,True,,3205,3004,116.43657441066125
2083,8eff1ca1-7e3f-4de9-8347-9e396660e018,8,2083,True,,3240,3039,139.06201818570526
2084,8eff1ca1-7e3f-4de9-8347-9e396660e018,8,2084,True,,3265,3064,93.38341703381002
2085,8eff1ca1-7e3f-4de9-8347-9e396660e018,8,2085,True,,3307,3106,98.41968781613423
2086,8eff1ca1-7e3f-4de9-8347-9e396660e018,8,2086,True,,3337,3136,90.33071643940957
2087,8eff1ca1-7e3f-4de9-8347-9e396660e018,8,2087,True,,3378,3177,94.86099256806983
2088,8eff1ca1-7e3f-4de9-8347-9e396660e018,8,2088,True,,3415,3214,90.09857404712147
2089,8eff1ca1-7e3f-4de9-8347-9e396660e018,8,2089,True,,3435,3234,144.73674374053644
2090,8eff1ca1-7e3f-4de9-8347-9e396660e018,8,2090,True,,3477,3276,156.25802183416408
2091,8eff1ca1-7e3f-4de9-8347-9e396660e018,8,2091,True,,3499,3298,103.0789882959939
2092,8eff1ca1-7e3f-4de9-8347-9e396660e018,8,2092,True,,3542,3341,145.87233958709794
2093,8eff1ca1-7e3f-4de9-8347-9e396660e018,8,2093,True,,3576,3375,88.26970547009387
2094,8eff1ca1-7e3f-4de9-8347-9e396660e018,8,2094,True,,3611,3410,103.66790974895184
2095,8eff1ca1-7e3f-4de9-8347-9e396660e018,8,2095,True,,3648,3447,146.29598492819878
2096,8eff1ca1-7e3f-4de9-8347-9e396660e018,8,2096,True,,3680,3479,92.99865523605467
2097,8eff1ca1-7e3f-4de9-8347-9e396660e018,8,2097,True,,3713,3512,103.7360345015677
2098,8eff1ca1-7e3f-4de9-8347-9e396660e018,8,2098,True,,3750,3549,95.73359559986648
2099,8eff1ca1-7e3f-4de9-8347-9e396660e018,8,2099,True,,3782,3581,148.28043596306952
2100,8eff1ca1-7e3f-4de9-8347-9e396660e018,8,2100,True,,3817,3616,138.6669387383754
2101,8eff1ca1-7e3f-4de9-8347-9e396660e018,8,2101,True,,3858,3657,97.66693873837539
2102,8eff1ca1-7e3f-4de9-8347-9e396660e018,8,2102,True,,3881,3680,103.7820127892137
2103,8eff1ca1-7e3f-4de9-8347-9e396660e018,8,2103,True,,3926,3725,100.34480276501426
2104,8eff1ca1-7e3f-4de9-8347-9e396660e018,8,2104,True,,3962,3761,100.8808971338749
2105,8eff1ca1-7e3f-4de9-8347-9e396660e018,8,2105,True,,3995,3794,94.73769348776568
2106,8eff1ca1-7e3f-4de9-8347-9e396660e018,8,2106,True,,4032,3831,96.64690317941631
2107,8eff1ca1-7e3f-4de9-8347-9e396660e018,8,2107,True,,4058,3857,101.47083238507639
2108,8eff1ca1-7e3f-4de9-8347-9e396660e018,8,2108,True,,4110,3909,95.0279799552095
2109,8eff1ca1-7e3f-4de9-8347-9e396660e018,8,2109,True,,4147,3946,88.69513649565624
2110,8eff1ca1-7e3f-4de9-8347-9e396660e018,8,2110,True,,4184,3983,92.17050783604373
2111,8eff1ca1-7e3f-4de9-8347-9e396660e018,8,2111,True,,4221,4020,82.03528853690295
2112,8eff1ca1-7e3f-4de9-8347-9e396660e018,8,2112,True,,4255,4054,95.17918687404745
2113,8eff1ca1-7e3f-4de9-8347-9e396660e018,8,2113,True,,4293,4092,83.70389793786217
2114,8eff1ca1-7e3f-4de9-8347-9e396660e018,8,2114,True,,4331,4130,87.2766951330077
2115,8eff1ca1-7e3f-4de9-8347-9e396660e018,8,2115,True,,4363,4162,180.33349341091252
2116,8eff1ca1-7e3f-4de9-8347-9e396660e018,8,2116,True,,4408,4207,162.22233529720597
2117,8eff1ca1-7e3f-4de9-8347-9e396660e018,8,2117,True,,4447,4246,144.73086224078997
2118,8eff1ca1-7e3f-4de9-8347-9e396660e018,8,2118,True,,4476,4275,165.1250552726815
2119,8eff1ca1-7e3f-4de9-8347-9e396660e018,8,2119,True,,4511,4310,176.8520256154252
2120,8eff1ca1-7e3f-4de9-8347-9e396660e018,8,2120,True,,4549,4348,115.28261046857642
2121,8eff1ca1-7e3f-4de9-8347-9e396660e018,8,2121,True,,4581,4380,133.75369855017743
2122,8eff1ca1-7e3f-4de9-8347-9e396660e018,8,2122,True,,4611,4410,132.5054476117857
2123,8eff1ca1-7e3f-4de9-8347-9e396660e018,8,2123,True,,4641,4440,126.20898168095664
2124,8eff1ca1-7e3f-4de9-8347-9e396660e018,8,2124,True,,4675,4474,146.60994939547618
2125,8eff1ca1-7e3f-4de9-8347-9e396660e018,8,2125,True,,4710,4509,84.76833478220942
2126,8eff1ca1-7e3f-4de9-8347-9e396660e018,8,2126,True,,4754,4553,92.5357533675251
2127,8eff1ca1-7e3f-4de9-8347-9e396660e018,8,2127,True,,4790,4589,95.44385631915338
2128,8eff1ca1-7e3f-4de9-8347-9e396660e018,8,2128,True,,4824,4623,88.99463967483553
2129,8eff1ca1-7e3f-4de9-8347-9e396660e018,8,2129,True,,4863,4662,89.68745152427982
2130,8eff1ca1-7e3f-4de9-8347-9e396660e018,8,2130,True,,4910,4709,105.57735460660388
2131,8eff1ca1-7e3f-4de9-8347-9e396660e018,8,2131,True,,4943,4742,100.65023890451084
2132,8eff1ca1-7e3f-4de9-8347-9e396660e018,8,2132,True,,4973,4772,108.9317647974267
2133,8eff1ca1-7e3f-4de9-8347-9e396660e018,8,2133,True,,5013,4812,94.95359766130605
2134,8eff1ca1-7e3f-4de9-8347-9e396660e018,8,2134,True,,5047,4846,90.60751028450522
2135,8eff1ca1-7e3f-4de9-8347-9e396660e018,8,2135,True,,5085,4884,95.58031963850499
2136,8eff1ca1-7e3f-4de9-8347-9e396660e018,8,2136,True,,5127,4926,101.7139313407215
2137,8eff1ca1-7e3f-4de9-8347-9e396660e018,8,2137,True,,5170,4969,100.36742780671375
2138,8eff1ca1-7e3f-4de9-8347-9e396660e018,8,2138,True,,5219,5018,90.09890896732395
2139,8eff1ca1-7e3f-4de9-8347-9e396660e018,8,2139,True,,5251,5050,90.39854993732297
2140,8eff1ca1-7e3f-4de9-8347-9e396660e018,8,2140,True,,5285,5084,86.07313035522475
2141,8eff1ca1-7e3f-4de9-8347-9e396660e018,8,2141,True,,5320,5119,94.1118806284303
2142,8eff1ca1-7e3f-4de9-8347-9e396660e018,8,2142,True,,5350,5149,97.85485261696886
2143,8eff1ca1-7e3f-4de9-8347-9e396660e018,8,2143,True,,5382,5181,97.73399494496516
2144,8eff1ca1-7e3f-4de9-8347-9e396660e018,8,2144,True,,5411,5210,95.84632467609026
2145,8eff1ca1-7e3f-4de9-8347-9e396660e018,8,2145,True,,5445,5244,95.55953593236609
2146,8eff1ca1-7e3f-4de9-8347-9e396660e018,8,2146,True,,5482,5281,94.38222933415909
2147,8eff1ca1-7e3f-4de9-8347-9e396660e018,8,2147,True,,5510,5309,93.09369759181027
2148,8eff1ca1-7e3f-4de9-8347-9e396660e018,8,2148,True,,5549,5348,95.38920231235261
2149,8eff1ca1-7e3f-4de9-8347-9e396660e018,8,2149,True,,5588,5387,103.14019389667828
2150,8eff1ca1-7e3f-4de9-8347-9e396660e018,8,2150,True,,5624,5423,100.49650327985273
2151,8eff1ca1-7e3f-4de9-8347-9e396660e018,8,2151,True,,5663,5462,90.20436193999194
2152,8eff1ca1-7e3f-4de9-8347-9e396660e018,8,2152,True,,5699,5498,85.02903807666735
2153,8eff1ca1-7e3f-4de9-8347-9e396660e018,8,2153,True,,5739,5538,87.73970976702276
2154,8eff1ca1-7e3f-4de9-8347-9e396660e018,8,2154,True,,5774,5573,90.82966252649021
2155,8eff1ca1-7e3f-4de9-8347-9e396660e018,8,2155,True,,5808,5607,96.16905172239149
2156,8eff1ca1-7e3f-4de9-8347-9e396660e018,8,2156,True,,5847,5646,82.28080618541208
2157,8eff1ca1-7e3f-4de9-8347-9e396660e018,8,2157,True,,5890,5689,91.35443605340697
2158,8eff1ca1-7e3f-4de9-8347-9e396660e018,8,2158,True,,5914,5713,94.13134510125292
2159,8eff1ca1-7e3f-4de9-8347-9e396660e018,8,2159,True,,5948,5747,178.13009121871255
2160,8eff1ca1-7e3f-4de9-8347-9e396660e018,8,2160,True,,5978,5777,148.13009121871255
2161,8eff1ca1-7e3f-4de9-8347-9e396660e018,8,2161,True,,6015,5814,155.61812536070647
2162,8eff1ca1-7e3f-4de9-8347-9e396660e018,8,2162,True,,6047,5846,101.54170055205941
2163,8eff1ca1-7e3f-4de9-8347-9e396660e018,8,2163,True,,6090,5889,105.28669139755675
2164,8eff1ca1-7e3f-4de9-8347-9e396660e018,8,2164,True,,6120,5919,102.39653487987653
2165,8eff1ca1-7e3f-4de9-8347-9e396660e018,8,2165,True,,6152,5951,155.19964389565303
2166,8eff1ca1-7e3f-4de9-8347-9e396660e018,8,2166,True,,6187,5986,141.11062497273088
2167,8eff1ca1-7e3f-4de9-8347-9e396660e018,8,2167,True,,6216,6015,165.1370773317267
2168,8eff1ca1-7e3f-4de9-8347-9e396660e018,8,2168,True,,6264,6063,90.49662340785835
2169,8eff1ca1-7e3f-4de9-8347-9e396660e018,8,2169,True,,6299,6098,106.85117776537118
2170,8eff1ca1-7e3f-4de9-8347-9e396660e018,8,2170,True,,6325,6124,107.41820767983336
2171,8eff1ca1-7e3f-4de9-8347-9e396660e018,8,2171,True,,6357,6156,114.85119607714205
2172,8eff1ca1-7e3f-4de9-8347-9e396660e018,8,2172,True,,6377,6176,118.99729979960375
2173,8eff1ca1-7e3f-4de9-8347-9e396660e018,8,2173,True,,6418,6217,105.80249786699824
2174,8eff1ca1-7e3f-4de9-8347-9e396660e018,8,2174,True,,6453,6252,105.10101739865058
2175,8eff1ca1-7e3f-4de9-8347-9e396660e018,8,2175,True,,6487,6286,118.41928709249714
2176,8eff1ca1-7e3f-4de9-8347-9e396660e018,8,2176,True,,6528,6327,100.89050902594136
2177,8eff1ca1-7e3f-4de9-8347-9e396660e018,8,2177,True,,6562,6361,96.51107348027199
2178,8eff1ca1-7e3f-4de9-8347-9e396660e018,8,2178,True,,6597,6396,102.78872657478405
2179,8eff1ca1-7e3f-4de9-8347-9e396660e018,8,2179,True,,6630,6429,93.70351387436949
2180,8eff1ca1-7e3f-4de9-8347-9e396660e018,8,2180,True,,6676,6475,98.97923250376516
2181,8eff1ca1-7e3f-4de9-8347-9e396660e018,8,2181,True,,6712,6511,99.90713610906732
2182,8eff1ca1-7e3f-4de9-8347-9e396660e018,8,2182,True,,6744,6543,96.89555260161615
2183,8eff1ca1-7e3f-4de9-8347-9e396660e018,8,2183,True,,6772,6571,149.8634022683682
2184,8eff1ca1-7e3f-4de9-8347-9e396660e018,8,2184,True,,6804,6603,93.81983236165252
2185,8eff1ca1-7e3f-4de9-8347-9e396660e018,8,2185,True,,6827,6626,166.79372746924582
2186,8eff1ca1-7e3f-4de9-8347-9e396660e018,8,2186,True,,6853,6652,173.90116753251914
2187,8eff1ca1-7e3f-4de9-8347-9e396660e018,8,2187,True,,6888,6687,84.08793531040828
2188,8eff1ca1-7e3f-4de9-8347-9e396660e018,8,2188,True,,6919,6718,180.2105466518933
2189,8eff1ca1-7e3f-4de9-8347-9e396660e018,8,2189,True,,6945,6744,129.9346868919847
2190,8eff1ca1-7e3f-4de9-8347-9e396660e018,8,2190,True,,6978,6777,171.35765995294605
2191,8eff1ca1-7e3f-4de9-8347-9e396660e018,8,2191,True,,7023,6822,100.23400649427276
2192,8eff1ca1-7e3f-4de9-8347-9e396660e018,8,2192,True,,7049,6848,100.35765995294605
2193,8eff1ca1-7e3f-4de9-8347-9e396660e018,8,2193,True,,7100,6899,93.9673983331013
2194,8eff1ca1-7e3f-4de9-8347-9e396660e018,8,2194,True,,7135,6934,90.81332022334027
2195,8eff1ca1-7e3f-4de9-8347-9e396660e018,8,2195,True,,7167,6966,105.92644865074453
2196,8eff1ca1-7e3f-4de9-8347-9e396660e018,8,2196,True,,7203,7002,112.21773053230481
2197,8eff1ca1-7e3f-4de9-8347-9e396660e018,8,2197,True,,7246,7045,89.28023383921845
2198,8eff1ca1-7e3f-4de9-8347-9e396660e018,8,2198,True,,7283,7082,89.26973894557523
2199,8eff1ca1-7e3f-4de9-8347-9e396660e018,8,2199,True,,7319,7118,96.82407439812414
2200,8eff1ca1-7e3f-4de9-8347-9e396660e018,8,2200,True,,7357,7156,91.61192429122457
2201,8eff1ca1-7e3f-4de9-8347-9e396660e018,8,2201,True,,7398,7197,94.30570093365623
2202,8eff1ca1-7e3f-4de9-8347-9e396660e018,8,2202,True,,7432,7231,90.82253607281291
2203,8eff1ca1-7e3f-4de9-8347-9e396660e018,8,2203,True,,7466,7265,90.86432651435916
2204,8eff1ca1-7e3f-4de9-8347-9e396660e018,8,2204,True,,7501,7300,125.87225140701867
2205,8eff1ca1-7e3f-4de9-8347-9e396660e018,8,2205,True,,7538,7337,113.18634858595578
2206,8eff1ca1-7e3f-4de9-8347-9e396660e018,8,2206,True,,7580,7379,134.86904044934818
2207,8eff1ca1-7e3f-4de9-8347-9e396660e018,8,2207,True,,7610,7409,157.57071506350258
2208,8eff1ca1-7e3f-4de9-8347-9e396660e018,8,2208,True,,7641,7440,169.74597616348
2209,8eff1ca1-7e3f-4de9-8347-9e396660e018,8,2209,True,,7679,7478,109.72668945839632
2210,8eff1ca1-7e3f-4de9-8347-9e396660e018,8,2210,True,,7714,7513,130.47719169691118
2211,8eff1ca1-7e3f-4de9-8347-9e396660e018,8,2211,True,,7751,7550,118.64663686577023
2212,8eff1ca1-7e3f-4de9-8347-9e396660e018,8,2212,True,,7779,7578,113.01371396843842
2213,8eff1ca1-7e3f-4de9-8347-9e396660e018,8,2213,True,,7822,7621,95.73856595742564
2214,8eff1ca1-7e3f-4de9-8347-9e396660e018,8,2214,True,,7862,7661,91.36785094672814
2215,8eff1ca1-7e3f-4de9-8347-9e396660e018,8,2215,True,,7888,7687,91.35738149120334
2216,8eff1ca1-7e3f-4de9-8347-9e396660e018,8,2216,True,,7922,7721,97.59641779054346
2217,8eff1ca1-7e3f-4de9-8347-9e396660e018,8,2217,True,,7972,7771,87.74338374092531
2218,8eff1ca1-7e3f-4de9-8347-9e396660e018,8,2218,True,,8005,7804,91.70940045406769
2219,8eff1ca1-7e3f-4de9-8347-9e396660e018,8,2219,True,,8037,7836,163.225989515312
2220,8eff1ca1-7e3f-4de9-8347-9e396660e018,8,2220,True,,8076,7875,99.10460779721598
2221,8eff1ca1-7e3f-4de9-8347-9e396660e018,8,2221,True,,8116,7915,112.97189268401235
2222,8eff1ca1-7e3f-4de9-8347-9e396660e018,8,2222,True,,8138,7937,111.81719436981984
2223,8eff1ca1-7e3f-4de9-8347-9e396660e018,8,2223,True,,8171,7970,101.2888966073624
2224,8eff1ca1-7e3f-4de9-8347-9e396660e018,8,2224,True,,8206,8005,95.04245975607137
2225,8eff1ca1-7e3f-4de9-8347-9e396660e018,8,2225,True,,8236,8035,95.7829138952493
2226,8eff1ca1-7e3f-4de9-8347-9e396660e018,8,2226,True,,8271,8070,100.43799286812464
2227,8eff1ca1-7e3f-4de9-8347-9e396660e018,8,2227,True,,8310,8109,94.1999995519127
2228,8eff1ca1-7e3f-4de9-8347-9e396660e018,8,2228,True,,8348,8147,92.39145082221876
2229,8eff1ca1-7e3f-4de9-8347-9e396660e018,8,2229,True,,8387,8186,82.63730033890897
2230,8eff1ca1-7e3f-4de9-8347-9e396660e018,8,2230,True,,8424,8223,88.30275887949574
2231,8eff1ca1-7e3f-4de9-8347-9e396660e018,8,2231,True,,8454,8253,95.20824982515842
2232,8eff1ca1-7e3f-4de9-8347-9e396660e018,8,2232,True,,8489,8288,90.51775375842044
2233,8eff1ca1-7e3f-4de9-8347-9e396660e018,8,2233,True,,8514,8313,149.7828222258504
2234,8eff1ca1-7e3f-4de9-8347-9e396660e018,8,2234,True,,8547,8346,91.38413736237271
2235,8eff1ca1-7e3f-4de9-8347-9e396660e018,8,2235,True,,8583,8382,100.99876087232951
2236,8eff1ca1-7e3f-4de9-8347-9e396660e018,8,2236,True,,8615,8414,105.66878397446453
2237,8eff1ca1-7e3f-4de9-8347-9e396660e018,8,2237,True,,8645,8444,99.13671045841147
2238,8eff1ca1-7e3f-4de9-8347-9e396660e018,8,2238,True,,8684,8483,96.01548789279514
2239,8eff1ca1-7e3f-4de9-8347-9e396660e018,8,2239,True,,8717,8516,92.49649927352584
2240,8eff1ca1-7e3f-4de9-8347-9e396660e018,8,2240,True,,8758,8557,93.30562873013332
2241,8eff1ca1-7e3f-4de9-8347-9e396660e018,8,2241,True,,8782,8581,205.40749967928787
2242,8eff1ca1-7e3f-4de9-8347-9e396660e018,8,2242,True,,8813,8612,174.40749967928787
2243,8eff1ca1-7e3f-4de9-8347-9e396660e018,8,2243,True,,8856,8655,105.1761996754849
2244,8eff1ca1-7e3f-4de9-8347-9e396660e018,8,2244,True,,8895,8694,115.06950967790726
2245,8eff1ca1-7e3f-4de9-8347-9e396660e018,8,2245,True,,8919,8718,113.25938716675591
2246,8eff1ca1-7e3f-4de9-8347-9e396660e018,8,2246,True,,8952,8751,101.65938924535476
2247,8eff1ca1-7e3f-4de9-8347-9e396660e018,8,2247,True,,8993,8792,122.61885222286037
2248,8eff1ca1-7e3f-4de9-8347-9e396660e018,8,2248,True,,9035,8834,101.83754762013086
2249,8eff1ca1-7e3f-4de9-8347-9e396660e018,8,2249,True,,9070,8869,92.00586225447478
2250,8eff1ca1-7e3f-4de9-8347-9e396660e018,8,2250,True,,9100,8899,100.61348591281967
2251,8eff1ca1-7e3f-4de9-8347-9e396660e018,8,2251,True,,9129,8928,106.21723705056502
2252,8eff1ca1-7e3f-4de9-8347-9e396660e018,8,2252,True,,9166,8965,89.76778741695853
2253,8eff1ca1-7e3f-4de9-8347-9e396660e018,8,2253,True,,9201,9000,92.38133252424996
2254,8eff1ca1-7e3f-4de9-8347-9e396660e018,8,2254,True,,9238,9037,97.96802260376899
2255,8eff1ca1-7e3f-4de9-8347-9e396660e018,8,2255,True,,9275,9074,82.91032038081721
2256,8eff1ca1-7e3f-4de9-8347-9e396660e018,8,2256,True,,9311,9110,90.12222370326162
2257,8eff1ca1-7e3f-4de9-8347-9e396660e018,8,2257,True,,9342,9141,96.84060476205013
2258,8eff1ca1-7e3f-4de9-8347-9e396660e018,8,2258,True,,9374,9173,94.96301908070564
2259,8eff1ca1-7e3f-4de9-8347-9e396660e018,8,2259,True,,9410,9209,123.7638192751856
2260,8eff1ca1-7e3f-4de9-8347-9e396660e018,8,2260,True,,9441,9240,126.32425975717524
2261,8eff1ca1-7e3f-4de9-8347-9e396660e018,8,2261,True,,9484,9283,104.13154855099128
2262,8eff1ca1-7e3f-4de9-8347-9e396660e018,8,2262,True,,9511,9310,104.23747160588027
2263,8eff1ca1-7e3f-4de9-8347-9e396660e018,8,2263,True,,9538,9337,102.37515075001647
2264,8eff1ca1-7e3f-4de9-8347-9e396660e018,8,2264,True,,9580,9379,86.35187996187597
2265,8eff1ca1-7e3f-4de9-8347-9e396660e018,8,2265,True,,9618,9417,106.76738458209365
2266,8eff1ca1-7e3f-4de9-8347-9e396660e018,8,2266,True,,9654,9453,95.90707815333008
2267,8eff1ca1-7e3f-4de9-8347-9e396660e018,8,2267,True,,9692,9491,134.37898138924356
2268,8eff1ca1-7e3f-4de9-8347-9e396660e018,8,2268,True,,9726,9525,123.42570195524604
2269,8eff1ca1-7e3f-4de9-8347-9e396660e018,8,2269,True,,9762,9561,120.29338189555165
2270,8eff1ca1-7e3f-4de9-8347-9e396660e018,8,2270,True,,9801,9600,141.48206942788602
2271,8eff1ca1-7e3f-4de9-8347-9e396660e018,8,2271,True,,9830,9629,89.4354349989062
2272,8eff1ca1-7e3f-4de9-8347-9e396660e018,8,2272,True,,9866,9665,103.33089146086786
2273,8eff1ca1-7e3f-4de9-8347-9e396660e018,8,2273,True,,9893,9692,170.7072650972077
2274,8eff1ca1-7e3f-4de9-8347-9e396660e018,8,2274,True,,9936,9735,105.24890281453372
2275,8eff1ca1-7e3f-4de9-8347-9e396660e018,8,2275,True,,9974,9773,112.76207905213778
2276,8eff1ca1-7e3f-4de9-8347-9e396660e018,8,2276,True,,10001,9800,108.92059551092461
2277,8eff1ca1-7e3f-4de9-8347-9e396660e018,8,2277,True,,10032,9831,98.13159252936384
2278,8eff1ca1-7e3f-4de9-8347-9e396660e018,8,2278,True,,10063,9862,102.77868355454302
2279,8eff1ca1-7e3f-4de9-8347-9e396660e018,8,2279,True,,10111,9910,91.7404792436846
2280,8eff1ca1-7e3f-4de9-8347-9e396660e018,8,2280,True,,10153,9952,93.19103361979978
2281,8eff1ca1-7e3f-4de9-8347-9e396660e018,8,2281,True,,10180,9979,96.53739559805945
2282,8eff1ca1-7e3f-4de9-8347-9e396660e018,8,2282,True,,10211,10010,87.53370289198574
2283,8eff1ca1-7e3f-4de9-8347-9e396660e018,8,2283,True,,10242,10041,95.56360073643918
2284,8eff1ca1-7e3f-4de9-8347-9e396660e018,8,2284,True,,10289,10088,105.75649742204587
2285,8eff1ca1-7e3f-4de9-8347-9e396660e018,8,2285,True,,10328,10127,101.53482870609696
2286,8eff1ca1-7e3f-4de9-8347-9e396660e018,8,2286,True,,10385,10184,87.98157732547588
2287,8eff1ca1-7e3f-4de9-8347-9e396660e018,8,2287,True,,10427,10226,92.23097645066264
2288,8eff1ca1-7e3f-4de9-8347-9e396660e018,8,2288,True,,10465,10264,126.88907235187071
2289,8eff1ca1-7e3f-4de9-8347-9e396660e018,8,2289,True,,10510,10309,123.83264726252492
2290,8eff1ca1-7e3f-4de9-8347-9e396660e018,8,2290,True,,10552,10351,109.36166359682466
2291,8eff1ca1-7e3f-4de9-8347-9e396660e018,8,2291,True,,10587,10386,96.0852338908935
2292,8eff1ca1-7e3f-4de9-8347-9e396660e018,8,2292,True,,10621,10420,89.13665074803976
2293,8eff1ca1-7e3f-4de9-8347-9e396660e018,8,2293,True,,10668,10467,111.80361030728272
2294,8eff1ca1-7e3f-4de9-8347-9e396660e018,8,2294,True,,10700,10499,105.65830606686723
2295,8eff1ca1-7e3f-4de9-8347-9e396660e018,8,2295,True,,10733,10532,95.03343159055112
2296,8eff1ca1-7e3f-4de9-8347-9e396660e018,8,2296,True,,10766,10565,138.0729671763129
2297,8eff1ca1-7e3f-4de9-8347-9e396660e018,8,2297,True,,10805,10604,123.24782973762012
2298,8eff1ca1-7e3f-4de9-8347-9e396660e018,8,2298,True,,10836,10635,92.24782973762012
2299,8eff1ca1-7e3f-4de9-8347-9e396660e018,8,2299,True,,10864,10663,102.84752898443003
2300,8eff1ca1-7e3f-4de9-8347-9e396660e018,8,2300,True,,10899,10698,88.58076393361443
2301,8eff1ca1-7e3f-4de9-8347-9e396660e018,8,2301,True,,10924,10723,106.29039417211425
2302,8eff1ca1-7e3f-4de9-8347-9e396660e018,8,2302,True,,10966,10765,88.3622903361811
2303,8eff1ca1-7e3f-4de9-8347-9e396660e018,8,2303,True,,11000,10799,99.34129529257189
2304,8eff1ca1-7e3f-4de9-8347-9e396660e018,8,2304,True,,11044,10843,88.46031632102131
2305,8eff1ca1-7e3f-4de9-8347-9e396660e018,8,2305,True,,11081,10880,143.89147643968136
2306,8eff1ca1-7e3f-4de9-8347-9e396660e018,8,2306,True,,11108,10907,202.17589285218673
2307,8eff1ca1-7e3f-4de9-8347-9e396660e018,8,2307,True,,11150,10949,185.9962508738845
2308,8eff1ca1-7e3f-4de9-8347-9e396660e018,8,2308,True,,11185,10984,208.07174438413676
2309,8eff1ca1-7e3f-4de9-8347-9e396660e018,8,2309,True,,11221,11020,146.7375675207095
2310,8eff1ca1-7e3f-4de9-8347-9e396660e018,8,2310,True,,11261,11060,185.70934920393483
2311,8eff1ca1-7e3f-4de9-8347-9e396660e018,8,2311,True,,11290,11089,156.70934920393483
2312,8eff1ca1-7e3f-4de9-8347-9e396660e018,8,2312,True,,11319,11118,154.20671229486834
2313,8eff1ca1-7e3f-4de9-8347-9e396660e018,8,2313,True,,11356,11155,142.67007595421092
2314,8eff1ca1-7e3f-4de9-8347-9e396660e018,8,2314,True,,11393,11192,129.0560354748177
2315,8eff1ca1-7e3f-4de9-8347-9e396660e018,8,2315,True,,11426,11225,116.60121355039519
2316,8eff1ca1-7e3f-4de9-8347-9e396660e018,8,2316,True,,11463,11262,100.20475415173132
2317,8eff1ca1-7e3f-4de9-8347-9e396660e018,8,2317,True,,11501,11300,94.30423462029285
2318,8eff1ca1-7e3f-4de9-8347-9e396660e018,8,2318,True,,11541,11340,89.45593249940612
2319,8eff1ca1-7e3f-4de9-8347-9e396660e018,8,2319,True,,11571,11370,92.78435844184241
2320,8eff1ca1-7e3f-4de9-8347-9e396660e018,8,2320,True,,11599,11398,94.6838812098631
2321,8eff1ca1-7e3f-4de9-8347-9e396660e018,8,2321,True,,11638,11437,93.57833683461831
2322,8eff1ca1-7e3f-4de9-8347-9e396660e018,8,2322,True,,11667,11466,99.48174699173433
2323,8eff1ca1-7e3f-4de9-8347-9e396660e018,8,2323,True,,11709,11508,157.2545065389495
2324,8eff1ca1-7e3f-4de9-8347-9e396660e018,8,2324,True,,11747,11546,144.49635589881473
2325,8eff1ca1-7e3f-4de9-8347-9e396660e018,8,2325,True,,11786,11585,166.86794831645966
2326,8eff1ca1-7e3f-4de9-8347-9e396660e018,8,2326,True,,11829,11628,101.0306537058641
2327,8eff1ca1-7e3f-4de9-8347-9e396660e018,8,2327,True,,11867,11666,109.05618804976984
2328,8eff1ca1-7e3f-4de9-8347-9e396660e018,8,2328,True,,11917,11716,95.2780691837288
2329,8eff1ca1-7e3f-4de9-8347-9e396660e018,8,2329,True,,11954,11753,140.38763786319578
2330,8eff1ca1-7e3f-4de9-8347-9e396660e018,8,2330,True,,11994,11793,143.39090827439395
2331,8eff1ca1-7e3f-4de9-8347-9e396660e018,8,2331,True,,12025,11824,156.71758608732125
2332,8eff1ca1-7e3f-4de9-8347-9e396660e018,8,2332,True,,12071,11870,135.92966843787144
2333,8eff1ca1-7e3f-4de9-8347-9e396660e018,8,2333,True,,12099,11898,162.35011239184678
2334,8eff1ca1-7e3f-4de9-8347-9e396660e018,8,2334,True,,12135,11934,96.9801218586872
2335,8eff1ca1-7e3f-4de9-8347-9e396660e018,8,2335,True,,12163,11962,118.42478236339048
2336,8eff1ca1-7e3f-4de9-8347-9e396660e018,8,2336,True,,12194,11993,130.26767549562283
2337,8eff1ca1-7e3f-4de9-8347-9e396660e018,8,2337,True,,12233,12032,114.48024778799845
2338,8eff1ca1-7e3f-4de9-8347-9e396660e018,8,2338,True,,12273,12072,102.99176749652906
2339,8eff1ca1-7e3f-4de9-8347-9e396660e018,8,2339,True,,12308,12107,88.88674007216105
2340,8eff1ca1-7e3f-4de9-8347-9e396660e018,8,2340,True,,12340,12139,85.25464394399569
2341,8eff1ca1-7e3f-4de9-8347-9e396660e018,8,2341,True,,12377,12176,152.4860079210739
2342,8eff1ca1-7e3f-4de9-8347-9e396660e018,8,2342,True,,12423,12222,154.8422319841029
2343,8eff1ca1-7e3f-4de9-8347-9e396660e018,8,2343,True,,12468,12267,85.35228419361374
2344,8eff1ca1-7e3f-4de9-8347-9e396660e018,8,2344,True,,12506,12305,97.57968909743431
2345,8eff1ca1-7e3f-4de9-8347-9e396660e018,8,2345,True,,12541,12340,91.40417416110904
2346,8eff1ca1-7e3f-4de9-8347-9e396660e018,8,2346,True,,12580,12379,94.29700044595847
2347,8eff1ca1-7e3f-4de9-8347-9e396660e018,8,2347,True,,12610,12409,87.40506614898004
2348,8eff1ca1-7e3f-4de9-8347-9e396660e018,8,2348,True,,12636,12435,103.16105492122733
2349,8eff1ca1-7e3f-4de9-8347-9e396660e018,8,2349,True,,12663,12462,164.9611466782717
2350,8eff1ca1-7e3f-4de9-8347-9e396660e018,8,2350,True,,12704,12503,101.36416245688997
2351,8eff1ca1-7e3f-4de9-8347-9e396660e018,8,2351,True,,12732,12531,135.57746814452184
2352,8eff1ca1-7e3f-4de9-8347-9e396660e018,8,2352,True,,12762,12561,125.78752498049835
2353,8eff1ca1-7e3f-4de9-8347-9e396660e018,8,2353,True,,12804,12603,109.75152734439143
2354,8eff1ca1-7e3f-4de9-8347-9e396660e018,8,2354,True,,12842,12641,117.98637301221788
2355,8eff1ca1-7e3f-4de9-8347-9e396660e018,8,2355,True,,12881,12680,102.38506143897939
2356,8eff1ca1-7e3f-4de9-8347-9e396660e018,8,2356,True,,12919,12718,132.77274338621828
2357,8eff1ca1-7e3f-4de9-8347-9e396660e018,8,2357,True,,12963,12762,110.08245106571303
2358,8eff1ca1-7e3f-4de9-8347-9e396660e018,8,2358,True,,12992,12791,105.53634700074326
2359,8eff1ca1-7e3f-4de9-8347-9e396660e018,8,2359,True,,13023,12822,95.65271286339521
2360,8eff1ca1-7e3f-4de9-8347-9e396660e018,8,2360,True,,13050,12849,114.65788457835879
2361,8eff1ca1-7e3f-4de9-8347-9e396660e018,8,2361,True,,13095,12894,98.46958418026952
2362,8eff1ca1-7e3f-4de9-8347-9e396660e018,8,2362,True,,13133,12932,82.69027124195054
2363,8eff1ca1-7e3f-4de9-8347-9e396660e018,8,2363,True,,13168,12967,107.2705022800892
2364,8eff1ca1-7e3f-4de9-8347-9e396660e018,8,2364,True,,13216,13015,87.70933308157146
2365,8eff1ca1-7e3f-4de9-8347-9e396660e018,8,2365,True,,13260,13059,135.08454227441143
2366,8eff1ca1-7e3f-4de9-8347-9e396660e018,8,2366,True,,13291,13090,149.83351506204053
2367,8eff1ca1-7e3f-4de9-8347-9e396660e018,8,2367,True,,13329,13128,86.6302892897038
2368,8eff1ca1-7e3f-4de9-8347-9e396660e018,8,2368,True,,13360,13159,125.10657800569243
2369,8eff1ca1-7e3f-4de9-8347-9e396660e018,8,2369,True,,13398,13197,150.40650473472306
2370,8eff1ca1-7e3f-4de9-8347-9e396660e018,8,2370,True,,13440,13239,127.0286310203901
2371,8eff1ca1-7e3f-4de9-8347-9e396660e018,8,2371,True,,13478,13277,122.76295799637228
2372,8eff1ca1-7e3f-4de9-8347-9e396660e018,8,2372,True,,13515,13314,109.40809153190094
2373,8eff1ca1-7e3f-4de9-8347-9e396660e018,8,2373,True,,13546,13345,100.32002633523734
2374,8eff1ca1-7e3f-4de9-8347-9e396660e018,8,2374,True,,13577,13376,90.89755405549477
2375,8eff1ca1-7e3f-4de9-8347-9e396660e018,8,2375,True,,13613,13412,85.93189913377319
2376,8eff1ca1-7e3f-4de9-8347-9e396660e018,8,2376,True,,13665,13464,115.47984684611947
2377,8eff1ca1-7e3f-4de9-8347-9e396660e018,8,2377,True,,13697,13496,137.2783141252021
2378,8eff1ca1-7e3f-4de9-8347-9e396660e018,8,2378,True,,13728,13527,159.66584636655352
2379,8eff1ca1-7e3f-4de9-8347-9e396660e018,8,2379,True,,13761,13560,150.21616249289582
2380,8eff1ca1-7e3f-4de9-8347-9e396660e018,8,2380,True,,13799,13598,135.05099762330065
2381,8eff1ca1-7e3f-4de9-8347-9e396660e018,8,2381,True,,13841,13640,146.20428558135973
2382,8eff1ca1-7e3f-4de9-8347-9e396660e018,8,2382,True,,13866,13665,99.45542747524632
2383,8eff1ca1-7e3f-4de9-8347-9e396660e018,8,2383,True,,13893,13692,118.72778268024376
2384,8eff1ca1-7e3f-4de9-8347-9e396660e018,8,2384,True,,13940,13739,154.84703705994252
2385,8eff1ca1-7e3f-4de9-8347-9e396660e018,8,2385,True,,13983,13782,148.5258568467143
2386,8eff1ca1-7e3f-4de9-8347-9e396660e018,8,2386,True,,14022,13821,189.90448745856338
2387,8eff1ca1-7e3f-4de9-8347-9e396660e018,8,2387,True,,14051,13850,160.90448745856338
2388,8eff1ca1-7e3f-4de9-8347-9e396660e018,8,2388,True,,14089,13888,96.12058503851767
2389,8eff1ca1-7e3f-4de9-8347-9e396660e018,8,2389,True,,14122,13921,111.43065457168632
2390,8eff1ca1-7e3f-4de9-8347-9e396660e018,8,2390,True,,14164,13963,92.70274189130942
2391,8eff1ca1-7e3f-4de9-8347-9e396660e018,8,2391,True,,14205,14004,117.48961615928238
2392,8eff1ca1-7e3f-4de9-8347-9e396660e018,8,2392,True,,14249,14048,96.78735965785927
2393,8eff1ca1-7e3f-4de9-8347-9e396660e018,8,2393,True,,14286,14085,97.4069865553156
2394,8eff1ca1-7e3f-4de9-8347-9e396660e018,8,2394,True,,14320,14119,97.97236055697613
2395,8eff1ca1-7e3f-4de9-8347-9e396660e018,8,2395,True,,14346,14145,96.48524654715766
2396,8eff1ca1-7e3f-4de9-8347-9e396660e018,8,2396,True,,14390,14189,91.72879320160791
2397,8eff1ca1-7e3f-4de9-8347-9e396660e018,8,2397,True,,14420,14219,91.85953513697314
2398,8eff1ca1-7e3f-4de9-8347-9e396660e018,8,2398,True,,14452,14251,95.72287664171927
2399,8eff1ca1-7e3f-4de9-8347-9e396660e018,8,2399,True,,14486,14285,122.49931689969526
2400,8eff1ca1-7e3f-4de9-8347-9e396660e018,8,2400,True,,14514,14313,152.4945358637724
2401,8eff1ca1-7e3f-4de9-8347-9e396660e018,8,2401,True,,14549,14348,92.18566765451033
2402,8eff1ca1-7e3f-4de9-8347-9e396660e018,8,2402,True,,14589,14388,126.15255970455291
2403,8eff1ca1-7e3f-4de9-8347-9e396660e018,8,2403,True,,14629,14428,108.79623095235183
2404,8eff1ca1-7e3f-4de9-8347-9e396660e018,8,2404,True,,14671,14470,94.0588046513003
2405,8eff1ca1-7e3f-4de9-8347-9e396660e018,8,2405,True,,14701,14500,97.25182087020403
2406,8eff1ca1-7e3f-4de9-8347-9e396660e018,8,2406,True,,14739,14538,108.3317692832843
2407,8eff1ca1-7e3f-4de9-8347-9e396660e018,8,2407,True,,14773,14572,94.57425750188486
2408,8eff1ca1-7e3f-4de9-8347-9e396660e018,8,2408,True,,14816,14615,99.89436506195125
2409,8eff1ca1-7e3f-4de9-8347-9e396660e018,8,2409,True,,14851,14650,102.37078553111314
2410,8eff1ca1-7e3f-4de9-8347-9e396660e018,8,2410,True,,14881,14680,126.70288237621207
2411,8eff1ca1-7e3f-4de9-8347-9e396660e018,8,2411,True,,14916,14715,114.21412714712824
2412,8eff1ca1-7e3f-4de9-8347-9e396660e018,8,2412,True,,14953,14752,99.62969025003076
2413,8eff1ca1-7e3f-4de9-8347-9e396660e018,8,2413,True,,14994,14793,90.54651007651773
2414,8eff1ca1-7e3f-4de9-8347-9e396660e018,8,2414,True,,15034,14833,93.05674909120535
2415,8eff1ca1-7e3f-4de9-8347-9e396660e018,8,2415,True,,15070,14869,151.62937075057198
2416,8eff1ca1-7e3f-4de9-8347-9e396660e018,8,2416,True,,15105,14904,94.06495583011747
2417,8eff1ca1-7e3f-4de9-8347-9e396660e018,8,2417,True,,15151,14950,90.89371807476891
2418,8eff1ca1-7e3f-4de9-8347-9e396660e018,8,2418,True,,15200,14999,120.80618416672041
2419,8eff1ca1-7e3f-4de9-8347-9e396660e018,8,2419,True,,15238,15037,106.16164315277456
2420,8eff1ca1-7e3f-4de9-8347-9e396660e018,8,2420,True,,15266,15065,101.20721761616005
2421,8eff1ca1-7e3f-4de9-8347-9e396660e018,8,2421,True,,15292,15091,181.44321228676017
2422,8eff1ca1-7e3f-4de9-8347-9e396660e018,8,2422,True,,15327,15126,146.44321228676017
2423,8eff1ca1-7e3f-4de9-8347-9e396660e018,8,2423,True,,15357,15156,90.77160079263376
2424,8eff1ca1-7e3f-4de9-8347-9e396660e018,8,2424,True,,15391,15190,130.46481352326737
2425,8eff1ca1-7e3f-4de9-8347-9e396660e018,8,2425,True,,15431,15230,116.904701231344
2426,8eff1ca1-7e3f-4de9-8347-9e396660e018,8,2426,True,,15467,15266,102.95671922667134
2427,8eff1ca1-7e3f-4de9-8347-9e396660e018,8,2427,True,,15499,15298,94.98831450574289
2428,8eff1ca1-7e3f-4de9-8347-9e396660e018,8,2428,True,,15528,15327,92.34624155963684
2429,8eff1ca1-7e3f-4de9-8347-9e396660e018,8,2429,True,,15559,15358,100.39634294597818
2430,8eff1ca1-7e3f-4de9-8347-9e396660e018,8,2430,True,,15600,15399,92.26606420011012
2431,8eff1ca1-7e3f-4de9-8347-9e396660e018,8,2431,True,,15638,15437,92.23287212835749
2432,8eff1ca1-7e3f-4de9-8347-9e396660e018,8,2432,True,,15663,15462,103.11912072364248
2433,8eff1ca1-7e3f-4de9-8347-9e396660e018,8,2433,True,,15697,15496,112.45732419095293
2434,8eff1ca1-7e3f-4de9-8347-9e396660e018,8,2434,True,,15736,15535,118.00033910968341
2435,8eff1ca1-7e3f-4de9-8347-9e396660e018,8,2435,True,,15767,15566,111.32353254107875
2436,8eff1ca1-7e3f-4de9-8347-9e396660e018,8,2436,True,,15801,15600,100.75277840192575
2437,8eff1ca1-7e3f-4de9-8347-9e396660e018,8,2437,True,,15853,15652,88.77220158747696
2438,8eff1ca1-7e3f-4de9-8347-9e396660e018,8,2438,True,,15886,15685,93.391325515071
2439,8eff1ca1-7e3f-4de9-8347-9e396660e018,8,2439,True,,15925,15724,156.86370364343747
2440,8eff1ca1-7e3f-4de9-8347-9e396660e018,8,2440,True,,15953,15752,106.69039849165893
2441,8eff1ca1-7e3f-4de9-8347-9e396660e018,8,2441,True,,15994,15793,109.40252362596584
2442,8eff1ca1-7e3f-4de9-8347-9e396660e018,8,2442,True,,16026,15825,105.06097948042043
2443,8eff1ca1-7e3f-4de9-8347-9e396660e018,8,2443,True,,16060,15859,93.28590615621215
2444,8eff1ca1-7e3f-4de9-8347-9e396660e018,8,2444,True,,16094,15893,91.55473957757567
2445,8eff1ca1-7e3f-4de9-8347-9e396660e018,8,2445,True,,16129,15928,106.83736202788896
2446,8eff1ca1-7e3f-4de9-8347-9e396660e018,8,2446,True,,16174,15973,93.4523652105072
2447,8eff1ca1-7e3f-4de9-8347-9e396660e018,8,2447,True,,16221,16020,114.21958552350225
2448,8eff1ca1-7e3f-4de9-8347-9e396660e018,8,2448,True,,16262,16061,98.09912922932199
2449,8eff1ca1-7e3f-4de9-8347-9e396660e018,8,2449,True,,16294,16093,90.1498306769754
2450,8eff1ca1-7e3f-4de9-8347-9e396660e018,8,2450,True,,16316,16115,90.89603240289034
2451,8eff1ca1-7e3f-4de9-8347-9e396660e018,8,2451,True,,16352,16151,85.788403855855
2452,8eff1ca1-7e3f-4de9-8347-9e396660e018,8,2452,True,,16390,16189,84.5092634246048
2453,8eff1ca1-7e3f-4de9-8347-9e396660e018,8,2453,True,,16441,16240,141.54326911174758
2454,8eff1ca1-7e3f-4de9-8347-9e396660e018,8,2454,True,,16469,16268,91.79553545189628
2455,8eff1ca1-7e3f-4de9-8347-9e396660e018,8,2455,True,,16506,16305,160.14654374363818
2456,8eff1ca1-7e3f-4de9-8347-9e396660e018,8,2456,True,,16545,16344,97.59065142108739
2457,8eff1ca1-7e3f-4de9-8347-9e396660e018,8,2457,True,,16580,16379,108.90413779035953
2458,8eff1ca1-7e3f-4de9-8347-9e396660e018,8,2458,True,,16605,16404,108.36916749190641
2459,8eff1ca1-7e3f-4de9-8347-9e396660e018,8,2459,True,,16641,16440,98.63099474659248
2460,8eff1ca1-7e3f-4de9-8347-9e396660e018,8,2460,True,,16676,16475,100.67929307737359
2461,8eff1ca1-7e3f-4de9-8347-9e396660e018,8,2461,True,,16714,16513,97.07460307181827
2462,8eff1ca1-7e3f-4de9-8347-9e396660e018,8,2462,True,,16758,16557,89.59848047451305
2463,8eff1ca1-7e3f-4de9-8347-9e396660e018,8,2463,True,,16794,16593,98.68467926768062
2464,8eff1ca1-7e3f-4de9-8347-9e396660e018,8,2464,True,,16832,16631,135.83503716224004
2465,8eff1ca1-7e3f-4de9-8347-9e396660e018,8,2465,True,,16867,16666,120.82784810852536
2466,8eff1ca1-7e3f-4de9-8347-9e396660e018,8,2466,True,,16895,16694,116.34717436866777
2467,8eff1ca1-7e3f-4de9-8347-9e396660e018,8,2467,True,,16931,16730,110.5334349635159
2468,8eff1ca1-7e3f-4de9-8347-9e396660e018,8,2468,True,,16965,16764,128.72578447739215
2469,8eff1ca1-7e3f-4de9-8347-9e396660e018,8,2469,True,,17008,16807,147.65262378066836
2470,8eff1ca1-7e3f-4de9-8347-9e396660e018,8,2470,True,,17034,16833,175.47318734205692
2471,8eff1ca1-7e3f-4de9-8347-9e396660e018,8,2471,True,,17078,16877,109.2155868394475
2472,8eff1ca1-7e3f-4de9-8347-9e396660e018,8,2472,True,,17118,16917,115.68501135217957
2473,8eff1ca1-7e3f-4de9-8347-9e396660e018,8,2473,True,,17156,16955,96.97089285776383
2474,8eff1ca1-7e3f-4de9-8347-9e396660e018,8,2474,True,,17197,16996,92.27280458510722
2475,8eff1ca1-7e3f-4de9-8347-9e396660e018,8,2475,True,,17235,17034,92.03083162213079
2476,8eff1ca1-7e3f-4de9-8347-9e396660e018,8,2476,True,,17263,17062,107.09193835492624
2477,8eff1ca1-7e3f-4de9-8347-9e396660e018,8,2477,True,,17300,17099,95.25299070930123
2478,8eff1ca1-7e3f-4de9-8347-9e396660e018,8,2478,True,,17334,17133,85.73346305390078
2479,8eff1ca1-7e3f-4de9-8347-9e396660e018,8,2479,True,,17373,17172,97.18311227890081
2480,8eff1ca1-7e3f-4de9-8347-9e396660e018,8,2480,True,,17400,17199,145.42838885794845
2481,8eff1ca1-7e3f-4de9-8347-9e396660e018,8,2481,True,,17436,17235,130.56946091656937
2482,8eff1ca1-7e3f-4de9-8347-9e396660e018,8,2482,True,,17472,17271,126.06048584804012
2483,8eff1ca1-7e3f-4de9-8347-9e396660e018,8,2483,True,,17515,17314,106.17383596988293
2484,8eff1ca1-7e3f-4de9-8347-9e396660e018,8,2484,True,,17550,17349,95.74591291700199
2485,8eff1ca1-7e3f-4de9-8347-9e396660e018,8,2485,True,,17584,17383,124.95207040479727
2486,8eff1ca1-7e3f-4de9-8347-9e396660e018,8,2486,True,,17620,17419,112.04757103528755
2487,8eff1ca1-7e3f-4de9-8347-9e396660e018,8,2487,True,,17651,17450,104.77052042554715
2488,8eff1ca1-7e3f-4de9-8347-9e396660e018,8,2488,True,,17686,17485,102.94313572811006
2489,8eff1ca1-7e3f-4de9-8347-9e396660e018,8,2489,True,,17713,17512,98.88429119742796
2490,8eff1ca1-7e3f-4de9-8347-9e396660e018,8,2490,True,,17762,17561,82.27099564490709
2491,8eff1ca1-7e3f-4de9-8347-9e396660e018,8,2491,True,,17791,17590,152.7072633676653
2492,8eff1ca1-7e3f-4de9-8347-9e396660e018,8,2492,True,,17823,17622,144.7811424437059
2493,8eff1ca1-7e3f-4de9-8347-9e396660e018,8,2493,True,,17855,17654,157.26719917142327
2494,8eff1ca1-7e3f-4de9-8347-9e396660e018,8,2494,True,,17892,17691,98.454643924415
2495,8eff1ca1-7e3f-4de9-8347-9e396660e018,8,2495,True,,17927,17726,103.40159772547486
2496,8eff1ca1-7e3f-4de9-8347-9e396660e018,8,2496,True,,17960,17759,100.03803863590656
2497,8eff1ca1-7e3f-4de9-8347-9e396660e018,8,2497,True,,17991,17790,105.74215562456084
2498,8eff1ca1-7e3f-4de9-8347-9e396660e018,8,2498,True,,18032,17831,96.55319341463473
2499,8eff1ca1-7e3f-4de9-8347-9e396660e018,8,2499,True,,18071,17870,104.26317135539284
2500,8eff1ca1-7e3f-4de9-8347-9e396660e018,8,2500,True,,18105,17904,99.68437931553854
2501,8eff1ca1-7e3f-4de9-8347-9e396660e018,8,2501,True,,18138,17937,91.52724922619745
2502,8eff1ca1-7e3f-4de9-8347-9e396660e018,8,2502,True,,18168,17967,96.76222712510935
2503,8eff1ca1-7e3f-4de9-8347-9e396660e018,8,2503,True,,18198,17997,105.99475942772187
2504,8eff1ca1-7e3f-4de9-8347-9e396660e018,8,2504,True,,18231,18030,118.53497090408928
2505,8eff1ca1-7e3f-4de9-8347-9e396660e018,8,2505,True,,18263,18062,110.96126372284198
2506,8eff1ca1-7e3f-4de9-8347-9e396660e018,8,2506,True,,18291,18090,104.82309268233075
2507,8eff1ca1-7e3f-4de9-8347-9e396660e018,8,2507,True,,18327,18126,142.59406150801078
2508,8eff1ca1-7e3f-4de9-8347-9e396660e018,8,2508,True,,18373,18172,147.10020457360952
2509,8eff1ca1-7e3f-4de9-8347-9e396660e018,8,2509,True,,18404,18203,89.47628921417345
2510,8eff1ca1-7e3f-4de9-8347-9e396660e018,8,2510,True,,18435,18234,108.21870218358163
2511,8eff1ca1-7e3f-4de9-8347-9e396660e018,8,2511,True,,18458,18257,167.7168246848014
2512,8eff1ca1-7e3f-4de9-8347-9e396660e018,8,2512,True,,18494,18293,107.54387899941867
2513,8eff1ca1-7e3f-4de9-8347-9e396660e018,8,2513,True,,18522,18321,202.28519742911885
2514,8eff1ca1-7e3f-4de9-8347-9e396660e018,8,2514,True,,18555,18354,169.28519742911885
2515,8eff1ca1-7e3f-4de9-8347-9e396660e018,8,2515,True,,18591,18390,105.81907560329273
2516,8eff1ca1-7e3f-4de9-8347-9e396660e018,8,2516,True,,18625,18424,131.96165276236206
2517,8eff1ca1-7e3f-4de9-8347-9e396660e018,8,2517,True,,18663,18462,116.70236553442737
2518,8eff1ca1-7e3f-4de9-8347-9e396660e018,8,2518,True,,18698,18497,104.0793147938275
2519,8eff1ca1-7e3f-4de9-8347-9e396660e018,8,2519,True,,18725,18524,100.53031606006334
2520,8eff1ca1-7e3f-4de9-8347-9e396660e018,8,2520,True,,18766,18565,118.32355672978883
2521,8eff1ca1-7e3f-4de9-8347-9e396660e018,8,2521,True,,18802,18601,126.23897355121153
2522,8eff1ca1-7e3f-4de9-8347-9e396660e018,8,2522,True,,18839,18638,146.29965809412533
2523,8eff1ca1-7e3f-4de9-8347-9e396660e018,8,2523,True,,18861,18660,192.25052599210903
2524,8eff1ca1-7e3f-4de9-8347-9e396660e018,8,2524,True,,18890,18689,116.16134798103303
2525,8eff1ca1-7e3f-4de9-8347-9e396660e018,8,2525,True,,18930,18729,201.41248671796347
2526,8eff1ca1-7e3f-4de9-8347-9e396660e018,8,2526,True,,18958,18757,120.57456576590266
2527,8eff1ca1-7e3f-4de9-8347-9e396660e018,8,2527,True,,18987,18786,180.7686192034853
2528,8eff1ca1-7e3f-4de9-8347-9e396660e018,8,2528,True,,19018,18817,207.14517556948704
2529,8eff1ca1-7e3f-4de9-8347-9e396660e018,8,2529,True,,19049,18848,176.14517556948704
2530,8eff1ca1-7e3f-4de9-8347-9e396660e018,8,2530,True,,19072,18871,174.10616958454193
2531,8eff1ca1-7e3f-4de9-8347-9e396660e018,8,2531,True,,19095,18894,100.7866624383496
2532,8eff1ca1-7e3f-4de9-8347-9e396660e018,8,2532,True,,19131,18930,177.54054109461867
2533,8eff1ca1-7e3f-4de9-8347-9e396660e018,8,2533,True,,19168,18967,183.71461595003348
2534,8eff1ca1-7e3f-4de9-8347-9e396660e018,8,2534,True,,19198,18997,88.11816464679578
2535,8eff1ca1-7e3f-4de9-8347-9e396660e018,8,2535,True,,19235,19034,142.03175601164912
2536,8eff1ca1-7e3f-4de9-8347-9e396660e018,8,2536,True,,19276,19075,128.68109924056625
2537,8eff1ca1-7e3f-4de9-8347-9e396660e018,8,2537,True,,19304,19103,123.08556182922621
2538,8eff1ca1-7e3f-4de9-8347-9e396660e018,8,2538,True,,19343,19142,108.92467177262006
2539,8eff1ca1-7e3f-4de9-8347-9e396660e018,8,2539,True,,19382,19181,93.21305658311394
2540,8eff1ca1-7e3f-4de9-8347-9e396660e018,8,2540,True,,19413,19212,98.33536649060625
2541,8eff1ca1-7e3f-4de9-8347-9e396660e018,8,2541,True,,19443,19242,100.44129901669658
2542,8eff1ca1-7e3f-4de9-8347-9e396660e018,8,2542,True,,19482,19281,118.53209957332729
2543,8eff1ca1-7e3f-4de9-8347-9e396660e018,8,2543,True,,19528,19327,95.81722092199561
2544,8eff1ca1-7e3f-4de9-8347-9e396660e018,8,2544,True,,19559,19358,89.72514033697735
2545,8eff1ca1-7e3f-4de9-8347-9e396660e018,8,2545,True,,19593,19392,161.19265228237782
2546,8eff1ca1-7e3f-4de9-8347-9e396660e018,8,2546,True,,19629,19428,102.46941443787364
2547,8eff1ca1-7e3f-4de9-8347-9e396660e018,8,2547,True,,19663,19462,132.81931999185326
2548,8eff1ca1-7e3f-4de9-8347-9e396660e018,8,2548,True,,19692,19491,83.89675024709868
2549,8eff1ca1-7e3f-4de9-8347-9e396660e018,8,2549,True,,19725,19524,93.76877273807622
2550,8eff1ca1-7e3f-4de9-8347-9e396660e018,8,2550,True,,19766,19565,102.43838380732632
2551,8eff1ca1-7e3f-4de9-8347-9e396660e018,8,2551,True,,19796,19595,101.81737761803015
2552,8eff1ca1-7e3f-4de9-8347-9e396660e018,8,2552,True,,19823,19622,148.9602382942394
2553,8eff1ca1-7e3f-4de9-8347-9e396660e018,8,2553,True,,19864,19663,131.71206384630204
2554,8eff1ca1-7e3f-4de9-8347-9e396660e018,8,2554,True,,19901,19700,118.99816466687844
2555,8eff1ca1-7e3f-4de9-8347-9e396660e018,8,2555,True,,19938,19737,147.1672638294258
2556,8eff1ca1-7e3f-4de9-8347-9e396660e018,8,2556,True,,19971,19770,140.21376251753827
2557,8eff1ca1-7e3f-4de9-8347-9e396660e018,8,2557,True,,20009,19808,123.0662542439859
2558,8eff1ca1-7e3f-4de9-8347-9e396660e018,8,2558,True,,20055,19854,99.67607273262183
2559,8eff1ca1-7e3f-4de9-8347-9e396660e018,8,2559,True,,20091,19890,93.34952097408677
2560,8eff1ca1-7e3f-4de9-8347-9e396660e018,8,2560,True,,20131,19930,80.99164657256915
2561,8eff1ca1-7e3f-4de9-8347-9e396660e018,8,2561,True,,20160,19959,102.44068890986455
2562,8eff1ca1-7e3f-4de9-8347-9e396660e018,8,2562,True,,20200,19999,91.16792458179043
2563,8eff1ca1-7e3f-4de9-8347-9e396660e018,8,2563,True,,20235,20034,91.76612971566647
2564,8eff1ca1-7e3f-4de9-8347-9e396660e018,8,2564,True,,20268,20067,85.94958806718569
2565,8eff1ca1-7e3f-4de9-8347-9e396660e018,8,2565,True,,20302,20101,94.3152350392811
2566,8eff1ca1-7e3f-4de9-8347-9e396660e018,8,2566,True,,20340,20139,93.30080327147516
2567,8eff1ca1-7e3f-4de9-8347-9e396660e018,8,2567,True,,20382,20181,85.52397976709835
2568,8eff1ca1-7e3f-4de9-8347-9e396660e018,8,2568,True,,20425,20224,91.29210657228396
2569,8eff1ca1-7e3f-4de9-8347-9e396660e018,8,2569,True,,20457,20256,97.19264017887326
2570,8eff1ca1-7e3f-4de9-8347-9e396660e018,8,2570,True,,20490,20289,92.16940062863432
2571,8eff1ca1-7e3f-4de9-8347-9e396660e018,8,2571,True,,20514,20313,99.67054724152331
2572,8eff1ca1-7e3f-4de9-8347-9e396660e018,8,2572,True,,20551,20350,103.08260231811437
2573,8eff1ca1-7e3f-4de9-8347-9e396660e018,8,2573,True,,20582,20381,93.88606046712812
2574,8eff1ca1-7e3f-4de9-8347-9e396660e018,8,2574,True,,20625,20424,83.02325808972819
2575,8eff1ca1-7e3f-4de9-8347-9e396660e018,8,2575,True,,20667,20466,93.96112132175767
2576,8eff1ca1-7e3f-4de9-8347-9e396660e018,8,2576,True,,20708,20507,89.78110656603167
2577,8eff1ca1-7e3f-4de9-8347-9e396660e018,8,2577,True,,20738,20537,86.35080719642792
2578,8eff1ca1-7e3f-4de9-8347-9e396660e018,8,2578,True,,20781,20580,138.93895283210804
2579,8eff1ca1-7e3f-4de9-8347-9e396660e018,8,2579,True,,20809,20608,135.9889973332647
2580,8eff1ca1-7e3f-4de9-8347-9e396660e018,8,2580,True,,20858,20657,106.3839946982589
2581,8eff1ca1-7e3f-4de9-8347-9e396660e018,8,2581,True,,20901,20700,93.66031102348279
2582,8eff1ca1-7e3f-4de9-8347-9e396660e018,8,2582,True,,20934,20733,112.05036887778988
2583,8eff1ca1-7e3f-4de9-8347-9e396660e018,8,2583,True,,20974,20773,93.92812132175459
2584,8eff1ca1-7e3f-4de9-8347-9e396660e018,8,2584,True,,21015,20814,94.48297571609146
2585,8eff1ca1-7e3f-4de9-8347-9e396660e018,8,2585,True,,21050,20849,89.90168917356641
2586,8eff1ca1-7e3f-4de9-8347-9e396660e018,8,2586,True,,21084,20883,91.72043242102518
2587,8eff1ca1-7e3f-4de9-8347-9e396660e018,8,2587,True,,21117,20916,88.9058132360733
2588,8eff1ca1-7e3f-4de9-8347-9e396660e018,8,2588,True,,21153,20952,87.88595573149723
2589,8eff1ca1-7e3f-4de9-8347-9e396660e018,8,2589,True,,21186,20985,85.06949388796784
2590,8eff1ca1-7e3f-4de9-8347-9e396660e018,8,2590,True,,21225,21024,98.71279664973918
2591,8eff1ca1-7e3f-4de9-8347-9e396660e018,8,2591,True,,21257,21056,95.91376869952728
2592,8eff1ca1-7e3f-4de9-8347-9e396660e018,8,2592,True,,21297,21096,91.40769336740777
2593,8eff1ca1-7e3f-4de9-8347-9e396660e018,8,2593,True,,21335,21134,91.37427388929427
2594,8eff1ca1-7e3f-4de9-8347-9e396660e018,8,2594,True,,21373,21172,97.03269651869414
2595,8eff1ca1-7e3f-4de9-8347-9e396660e018,8,2595,True,,21409,21208,86.7453981666913
2596,8eff1ca1-7e3f-4de9-8347-9e396660e018,8,2596,True,,21434,21233,90.3128593165784
2597,8eff1ca1-7e3f-4de9-8347-9e396660e018,8,2597,True,,21483,21282,128.4391788638859
2598,8eff1ca1-7e3f-4de9-8347-9e396660e018,8,2598,True,,21518,21317,124.84087716423528
2599,8eff1ca1-7e3f-4de9-8347-9e396660e018,8,2599,True,,21554,21353,138.78184220657567
2600,8eff1ca1-7e3f-4de9-8347-9e396660e018,8,2600,True,,21585,21384,158.10509809226278
2601,8eff1ca1-7e3f-4de9-8347-9e396660e018,8,2601,True,,21614,21413,103.47868938072861
2602,8eff1ca1-7e3f-4de9-8347-9e396660e018,8,2602,True,,21649,21448,114.61843669522568
2603,8eff1ca1-7e3f-4de9-8347-9e396660e018,8,2603,True,,21680,21479,106.60498727105733
2604,8eff1ca1-7e3f-4de9-8347-9e396660e018,8,2604,True,,21718,21517,94.49310197438535
2605,8eff1ca1-7e3f-4de9-8347-9e396660e018,8,2605,True,,21752,21551,92.27477742854899
2606,8eff1ca1-7e3f-4de9-8347-9e396660e018,8,2606,True,,21789,21588,82.2099636893181
2607,8eff1ca1-7e3f-4de9-8347-9e396660e018,8,2607,True,,21825,21624,94.51310499556348
2608,8eff1ca1-7e3f-4de9-8347-9e396660e018,8,2608,True,,21873,21672,94.96322780695482
2609,8eff1ca1-7e3f-4de9-8347-9e396660e018,8,2609,True,,21897,21696,97.60332675501559
2610,8eff1ca1-7e3f-4de9-8347-9e396660e018,8,2610,True,,21928,21727,126.21858279317894
2611,8eff1ca1-7e3f-4de9-8347-9e396660e018,8,2611,True,,21963,21762,123.1315309059828
2612,8eff1ca1-7e3f-4de9-8347-9e396660e018,8,2612,True,,21996,21795,117.69001110783574
2613,8eff1ca1-7e3f-4de9-8347-9e396660e018,8,2613,True,,22032,21831,112.09973940967029
2614,8eff1ca1-7e3f-4de9-8347-9e396660e018,8,2614,True,,22071,21870,106.009427324032
2615,8eff1ca1-7e3f-4de9-8347-9e396660e018,8,2615,True,,22118,21917,93.64464201332521
2616,8eff1ca1-7e3f-4de9-8347-9e396660e018,8,2616,True,,22148,21947,104.46269934693555
2617,8eff1ca1-7e3f-4de9-8347-9e396660e018,8,2617,True,,22188,21987,90.1817982777684
2618,8eff1ca1-7e3f-4de9-8347-9e396660e018,8,2618,True,,22225,22024,91.2280317631521
2619,8eff1ca1-7e3f-4de9-8347-9e396660e018,8,2619,True,,22260,22059,93.35173588117686
2620,8eff1ca1-7e3f-4de9-8347-9e396660e018,8,2620,True,,22297,22096,89.01828109538474
2621,8eff1ca1-7e3f-4de9-8347-9e396660e018,8,2621,True,,22329,22128,89.80439537692655
2622,8eff1ca1-7e3f-4de9-8347-9e396660e018,8,2622,True,,22355,22154,92.74734379563597
2623,8eff1ca1-7e3f-4de9-8347-9e396660e018,8,2623,True,,22395,22194,87.68996749727012
2624,8eff1ca1-7e3f-4de9-8347-9e396660e018,8,2624,True,,22431,22230,156.31540085470988
2625,8eff1ca1-7e3f-4de9-8347-9e396660e018,8,2625,True,,22466,22265,95.81014116435836
2626,8eff1ca1-7e3f-4de9-8347-9e396660e018,8,2626,True,,22505,22304,115.8220501779324
2627,8eff1ca1-7e3f-4de9-8347-9e396660e018,8,2627,True,,22535,22334,107.37919995192351
2628,8eff1ca1-7e3f-4de9-8347-9e396660e018,8,2628,True,,22568,22367,107.86351855909743
2629,8eff1ca1-7e3f-4de9-8347-9e396660e018,8,2629,True,,22604,22403,139.3683493982644
2630,8eff1ca1-7e3f-4de9-8347-9e396660e018,8,2630,True,,22626,22425,150.11410820367382
2631,8eff1ca1-7e3f-4de9-8347-9e396660e018,8,2631,True,,22669,22468,194.0174457529247
2632,8eff1ca1-7e3f-4de9-8347-9e396660e018,8,2632,True,,22699,22498,164.0174457529247
2633,8eff1ca1-7e3f-4de9-8347-9e396660e018,8,2633,True,,22733,22532,93.44443178979782
2634,8eff1ca1-7e3f-4de9-8347-9e396660e018,8,2634,True,,22774,22573,131.04854851774508
2635,8eff1ca1-7e3f-4de9-8347-9e396660e018,8,2635,True,,22797,22596,133.59636519490232
2636,8eff1ca1-7e3f-4de9-8347-9e396660e018,8,2636,True,,22832,22631,139.99974073510384
2637,8eff1ca1-7e3f-4de9-8347-9e396660e018,8,2637,True,,22863,22662,132.31098510758966
2638,8eff1ca1-7e3f-4de9-8347-9e396660e018,8,2638,True,,22907,22706,135.99935903464575
2639,8eff1ca1-7e3f-4de9-8347-9e396660e018,8,2639,True,,22948,22747,119.7133137915007
2640,8eff1ca1-7e3f-4de9-8347-9e396660e018,8,2640,True,,22985,22784,102.42286260442415
2641,8eff1ca1-7e3f-4de9-8347-9e396660e018,8,2641,True,,23013,22812,102.7232229819856
2642,8eff1ca1-7e3f-4de9-8347-9e396660e018,8,2642,True,,23044,22843,113.54781081148394
2643,8eff1ca1-7e3f-4de9-8347-9e396660e018,8,2643,True,,23084,22883,100.65990320013952
2644,8eff1ca1-7e3f-4de9-8347-9e396660e018,8,2644,True,,23121,22920,104.96494374812028
2645,8eff1ca1-7e3f-4de9-8347-9e396660e018,8,2645,True,,23145,22944,103.54328338433334
2646,8eff1ca1-7e3f-4de9-8347-9e396660e018,8,2646,True,,23179,22978,108.06141955414932
2647,8eff1ca1-7e3f-4de9-8347-9e396660e018,8,2647,True,,23224,23023,126.6314539419036
2648,8eff1ca1-7e3f-4de9-8347-9e396660e018,8,2648,True,,23262,23061,142.42922911047572
2649,8eff1ca1-7e3f-4de9-8347-9e396660e018,8,2649,True,,23283,23082,95.07134824948662
2650,8eff1ca1-7e3f-4de9-8347-9e396660e018,8,2650,True,,23314,23113,116.23010495840208
2651,8eff1ca1-7e3f-4de9-8347-9e396660e018,8,2651,True,,23363,23162,95.64480407649171
2652,8eff1ca1-7e3f-4de9-8347-9e396660e018,8,2652,True,,23405,23204,90.24182709489833
2653,8eff1ca1-7e3f-4de9-8347-9e396660e018,8,2653,True,,23441,23240,90.07951892105484
2654,8eff1ca1-7e3f-4de9-8347-9e396660e018,8,2654,True,,23488,23287,91.45102972216773
2655,8eff1ca1-7e3f-4de9-8347-9e396660e018,8,2655,True,,23526,23325,98.23522267066073
2656,8eff1ca1-7e3f-4de9-8347-9e396660e018,8,2656,True,,23562,23361,89.94216813158346
2657,8eff1ca1-7e3f-4de9-8347-9e396660e018,8,2657,True,,23598,23397,90.29553431208842
2658,8eff1ca1-7e3f-4de9-8347-9e396660e018,8,2658,True,,23635,23434,91.16072585224174
2659,8eff1ca1-7e3f-4de9-8347-9e396660e018,8,2659,True,,23673,23472,96.73761041053513
2660,8eff1ca1-7e3f-4de9-8347-9e396660e018,8,2660,True,,23703,23502,138.85033318369824
2661,8eff1ca1-7e3f-4de9-8347-9e396660e018,8,2661,True,,23752,23551,153.3287641401257
2662,8eff1ca1-7e3f-4de9-8347-9e396660e018,8,2662,True,,23786,23585,93.57095230217965
2663,8eff1ca1-7e3f-4de9-8347-9e396660e018,8,2663,True,,23823,23622,106.14965051536274
2664,8eff1ca1-7e3f-4de9-8347-9e396660e018,8,2664,True,,23857,23656,102.89997122716886
2665,8eff1ca1-7e3f-4de9-8347-9e396660e018,8,2665,True,,23909,23708,93.72121944760147
2666,8eff1ca1-7e3f-4de9-8347-9e396660e018,8,2666,True,,23942,23741,150.7924130720603
2667,8eff1ca1-7e3f-4de9-8347-9e396660e018,8,2667,True,,23972,23771,141.84812655129645
2668,8eff1ca1-7e3f-4de9-8347-9e396660e018,8,2668,True,,24002,23801,155.0944700433647
2669,8eff1ca1-7e3f-4de9-8347-9e396660e018,8,2669,True,,24037,23836,98.0577033970585
2670,8eff1ca1-7e3f-4de9-8347-9e396660e018,8,2670,True,,24063,23862,116.93770325875084
2671,8eff1ca1-7e3f-4de9-8347-9e396660e018,8,2671,True,,24106,23905,104.77120758923411
2672,8eff1ca1-7e3f-4de9-8347-9e396660e018,8,2672,True,,24142,23941,90.17944911196173
2673,8eff1ca1-7e3f-4de9-8347-9e396660e018,8,2673,True,,24185,23984,95.67464542462767
2674,8eff1ca1-7e3f-4de9-8347-9e396660e018,8,2674,True,,24215,24014,109.19213228601802
2675,8eff1ca1-7e3f-4de9-8347-9e396660e018,8,2675,True,,24256,24055,131.4767738138944
2676,8eff1ca1-7e3f-4de9-8347-9e396660e018,8,2676,True,,24289,24088,120.08951612755482
2677,8eff1ca1-7e3f-4de9-8347-9e396660e018,8,2677,True,,24326,24125,106.13991422853724
2678,8eff1ca1-7e3f-4de9-8347-9e396660e018,8,2678,True,,24372,24171,98.10266357977525
2679,8eff1ca1-7e3f-4de9-8347-9e396660e018,8,2679,True,,24397,24196,94.25497227990127
2680,8eff1ca1-7e3f-4de9-8347-9e396660e018,8,2680,True,,24432,24231,132.43551108779138
2681,8eff1ca1-7e3f-4de9-8347-9e396660e018,8,2681,True,,24462,24261,132.02272134619125
2682,8eff1ca1-7e3f-4de9-8347-9e396660e018,8,2682,True,,24515,24314,102.5377253744482
2683,8eff1ca1-7e3f-4de9-8347-9e396660e018,8,2683,True,,24551,24350,146.7615279203128
2684,8eff1ca1-7e3f-4de9-8347-9e396660e018,8,2684,True,,24588,24387,128.8541118609828
2685,8eff1ca1-7e3f-4de9-8347-9e396660e018,8,2685,True,,24616,24415,120.1709635593179
2686,8eff1ca1-7e3f-4de9-8347-9e396660e018,8,2686,True,,24649,24448,153.09302042983472
2687,8eff1ca1-7e3f-4de9-8347-9e396660e018,8,2687,True,,24686,24485,94.27423019804701
2688,8eff1ca1-7e3f-4de9-8347-9e396660e018,8,2688,True,,24727,24526,97.63795421227042
2689,8eff1ca1-7e3f-4de9-8347-9e396660e018,8,2689,True,,24760,24559,92.36762348387492
2690,8eff1ca1-7e3f-4de9-8347-9e396660e018,8,2690,True,,24791,24590,91.11926528074036
2691,8eff1ca1-7e3f-4de9-8347-9e396660e018,8,2691,True,,24820,24619,100.67891946121745
2692,8eff1ca1-7e3f-4de9-8347-9e396660e018,8,2692,True,,24849,24648,200.89822276590712
2693,8eff1ca1-7e3f-4de9-8347-9e396660e018,8,2693,True,,24888,24687,190.72929076332366
2694,8eff1ca1-7e3f-4de9-8347-9e396660e018,8,2694,True,,24922,24721,156.72929076332366
2695,8eff1ca1-7e3f-4de9-8347-9e396660e018,8,2695,True,,24959,24758,174.6350564292552
2696,8eff1ca1-7e3f-4de9-8347-9e396660e018,8,2696,True,,24984,24783,120.21814767036267
2697,8eff1ca1-7e3f-4de9-8347-9e396660e018,8,2697,True,,25030,24829,103.6350564292552
2698,8eff1ca1-7e3f-4de9-8347-9e396660e018,8,2698,True,,25063,24862,95.29705367852875
2699,8eff1ca1-7e3f-4de9-8347-9e396660e018,8,2699,True,,25103,24902,96.9437117258858
2700,8eff1ca1-7e3f-4de9-8347-9e396660e018,8,2700,True,,25142,24941,87.84072436927818
2701,8eff1ca1-7e3f-4de9-8347-9e396660e018,8,2701,True,,25177,24976,102.91098640063137
2702,8eff1ca1-7e3f-4de9-8347-9e396660e018,8,2702,True,,25207,25006,130.55987562430164
2703,8eff1ca1-7e3f-4de9-8347-9e396660e018,8,2703,True,,25242,25041,118.789894041347
2704,8eff1ca1-7e3f-4de9-8347-9e396660e018,8,2704,True,,25276,25075,136.01461341109825
2705,8eff1ca1-7e3f-4de9-8347-9e396660e018,8,2705,True,,25316,25115,120.79702968775018
2706,8eff1ca1-7e3f-4de9-8347-9e396660e018,8,2706,True,,25343,25142,116.81884349758911
2707,8eff1ca1-7e3f-4de9-8347-9e396660e018,8,2707,True,,25389,25188,119.54710426139354
2708,8eff1ca1-7e3f-4de9-8347-9e396660e018,8,2708,True,,25425,25224,115.80216518953966
2709,8eff1ca1-7e3f-4de9-8347-9e396660e018,8,2709,True,,25458,25257,106.2514813699745
2710,8eff1ca1-7e3f-4de9-8347-9e396660e018,8,2710,True,,25494,25293,160.38410866634877
2711,8eff1ca1-7e3f-4de9-8347-9e396660e018,8,2711,True,,25522,25321,153.18377858329404
2712,8eff1ca1-7e3f-4de9-8347-9e396660e018,8,2712,True,,25569,25368,139.65145015764938
2713,8eff1ca1-7e3f-4de9-8347-9e396660e018,8,2713,True,,25612,25411,150.36525729509958
2714,8eff1ca1-7e3f-4de9-8347-9e396660e018,8,2714,True,,25643,25442,95.06047213044076
2715,8eff1ca1-7e3f-4de9-8347-9e396660e018,8,2715,True,,25670,25469,115.27876377237044
2716,8eff1ca1-7e3f-4de9-8347-9e396660e018,8,2716,True,,25700,25499,108.49367463925955
2717,8eff1ca1-7e3f-4de9-8347-9e396660e018,8,2717,True,,25736,25535,93.52604496860658
2718,8eff1ca1-7e3f-4de9-8347-9e396660e018,8,2718,True,,25763,25562,161.85495278609233
2719,8eff1ca1-7e3f-4de9-8347-9e396660e018,8,2719,True,,25798,25597,107.04582825820398
2720,8eff1ca1-7e3f-4de9-8347-9e396660e018,8,2720,True,,25840,25639,108.93671011899278
2721,8eff1ca1-7e3f-4de9-8347-9e396660e018,8,2721,True,,25882,25681,94.69184900774417
2722,8eff1ca1-7e3f-4de9-8347-9e396660e018,8,2722,True,,25919,25718,92.23411294090693
2723,8eff1ca1-7e3f-4de9-8347-9e396660e018,8,2723,True,,25953,25752,98.32779187579581
2724,8eff1ca1-7e3f-4de9-8347-9e396660e018,8,2724,True,,25992,25791,92.928766929228
2725,8eff1ca1-7e3f-4de9-8347-9e396660e018,8,2725,True,,26030,25829,97.49688406534915
2726,8eff1ca1-7e3f-4de9-8347-9e396660e018,8,2726,True,,26075,25874,94.12223471352627
2727,8eff1ca1-7e3f-4de9-8347-9e396660e018,8,2727,True,,26101,25900,97.77642104858387
2728,8eff1ca1-7e3f-4de9-8347-9e396660e018,8,2728,True,,26141,25940,95.31757093178749
2729,8eff1ca1-7e3f-4de9-8347-9e396660e018,8,2729,True,,26177,25976,82.57888462836854
2730,8eff1ca1-7e3f-4de9-8347-9e396660e018,8,2730,True,,26208,26007,130.5156720822415
2731,8eff1ca1-7e3f-4de9-8347-9e396660e018,8,2731,True,,26247,26046,130.1298735680175
2732,8eff1ca1-7e3f-4de9-8347-9e396660e018,8,2732,True,,26273,26072,127.08940421293664
2733,8eff1ca1-7e3f-4de9-8347-9e396660e018,8,2733,True,,26305,26104,116.08710809092008
2734,8eff1ca1-7e3f-4de9-8347-9e396660e018,8,2734,True,,26336,26135,105.09605497449229
2735,8eff1ca1-7e3f-4de9-8347-9e396660e018,8,2735,True,,26367,26166,107.60630919574396
2736,8eff1ca1-7e3f-4de9-8347-9e396660e018,8,2736,True,,26395,26194,109.33870985461544
2737,8eff1ca1-7e3f-4de9-8347-9e396660e018,8,2737,True,,26432,26231,122.27303135192051
2738,8eff1ca1-7e3f-4de9-8347-9e396660e018,8,2738,True,,26465,26264,180.71991079767758
2739,8eff1ca1-7e3f-4de9-8347-9e396660e018,8,2739,True,,26509,26308,115.08956964992831
2740,8eff1ca1-7e3f-4de9-8347-9e396660e018,8,2740,True,,26542,26341,152.16418740275185
2741,8eff1ca1-7e3f-4de9-8347-9e396660e018,8,2741,True,,26571,26370,100.40448666320663
2742,8eff1ca1-7e3f-4de9-8347-9e396660e018,8,2742,True,,26604,26403,112.66133631259436
2743,8eff1ca1-7e3f-4de9-8347-9e396660e018,8,2743,True,,26635,26434,117.46368005983095
2744,8eff1ca1-7e3f-4de9-8347-9e396660e018,8,2744,True,,26663,26462,112.46163341832653
2745,8eff1ca1-7e3f-4de9-8347-9e396660e018,8,2745,True,,26701,26500,95.92527541562231
2746,8eff1ca1-7e3f-4de9-8347-9e396660e018,8,2746,True,,26738,26537,96.36562332119138
2747,8eff1ca1-7e3f-4de9-8347-9e396660e018,8,2747,True,,26776,26575,134.75914154856582
2748,8eff1ca1-7e3f-4de9-8347-9e396660e018,8,2748,True,,26819,26618,115.90405302413274
2749,8eff1ca1-7e3f-4de9-8347-9e396660e018,8,2749,True,,26858,26657,98.9792473408852
2750,8eff1ca1-7e3f-4de9-8347-9e396660e018,8,2750,True,,26891,26690,97.42796575924513
2751,8eff1ca1-7e3f-4de9-8347-9e396660e018,8,2751,True,,26927,26726,88.8124237279917
2752,8eff1ca1-7e3f-4de9-8347-9e396660e018,8,2752,True,,26968,26767,95.54610402035541
2753,8eff1ca1-7e3f-4de9-8347-9e396660e018,8,2753,True,,27007,26806,93.9892611037285
2754,8eff1ca1-7e3f-4de9-8347-9e396660e018,8,2754,True,,27044,26843,131.3997075691659
2755,8eff1ca1-7e3f-4de9-8347-9e396660e018,8,2755,True,,27083,26882,113.31544300825408
2756,8eff1ca1-7e3f-4de9-8347-9e396660e018,8,2756,True,,27125,26924,101.69761493379701
2757,8eff1ca1-7e3f-4de9-8347-9e396660e018,8,2757,True,,27162,26961,88.37928911269046
2758,8eff1ca1-7e3f-4de9-8347-9e396660e018,8,2758,True,,27195,26994,86.87834159826525
2759,8eff1ca1-7e3f-4de9-8347-9e396660e018,8,2759,True,,27230,27029,137.9101273114611
2760,8eff1ca1-7e3f-4de9-8347-9e396660e018,8,2760,True,,27277,27076,142.75562158874163
2761,8eff1ca1-7e3f-4de9-8347-9e396660e018,8,2761,True,,27303,27102,92.9374782205523
2762,8eff1ca1-7e3f-4de9-8347-9e396660e018,8,2762,True,,27342,27141,103.60894004732836
2763,8eff1ca1-7e3f-4de9-8347-9e396660e018,8,2763,True,,27385,27184,91.5828477148898
2764,8eff1ca1-7e3f-4de9-8347-9e396660e018,8,2764,True,,27411,27210,93.38334936317187
2765,8eff1ca1-7e3f-4de9-8347-9e396660e018,8,2765,True,,27442,27241,94.9517295125479
2766,8eff1ca1-7e3f-4de9-8347-9e396660e018,8,2766,True,,27483,27282,90.37925359290603
2767,8eff1ca1-7e3f-4de9-8347-9e396660e018,8,2767,True,,27525,27324,89.96683667035177
2768,8eff1ca1-7e3f-4de9-8347-9e396660e018,8,2768,True,,27562,27361,100.07722360706975
2769,8eff1ca1-7e3f-4de9-8347-9e396660e018,8,2769,True,,27595,27394,95.73880300265955
2770,8eff1ca1-7e3f-4de9-8347-9e396660e018,8,2770,True,,27630,27429,140.28098055130613
2771,8eff1ca1-7e3f-4de9-8347-9e396660e018,8,2771,True,,27677,27476,125.88045630643319
2772,8eff1ca1-7e3f-4de9-8347-9e396660e018,8,2772,True,,27706,27505,120.86404343385584
2773,8eff1ca1-7e3f-4de9-8347-9e396660e018,8,2773,True,,27754,27553,113.31199214261869
2774,8eff1ca1-7e3f-4de9-8347-9e396660e018,8,2774,True,,27783,27582,190.6492247162605
2775,8eff1ca1-7e3f-4de9-8347-9e396660e018,8,2775,True,,27820,27619,127.59244501403373
2776,8eff1ca1-7e3f-4de9-8347-9e396660e018,8,2776,True,,27859,27658,114.6492247162605
2777,8eff1ca1-7e3f-4de9-8347-9e396660e018,8,2777,True,,27891,27690,106.72428305782523
2778,8eff1ca1-7e3f-4de9-8347-9e396660e018,8,2778,True,,27923,27722,97.44483576139464
2779,8eff1ca1-7e3f-4de9-8347-9e396660e018,8,2779,True,,27965,27764,104.9832626088828
2780,8eff1ca1-7e3f-4de9-8347-9e396660e018,8,2780,True,,27997,27796,129.52246727381862
2781,8eff1ca1-7e3f-4de9-8347-9e396660e018,8,2781,True,,28026,27825,163.78931815869146
2782,8eff1ca1-7e3f-4de9-8347-9e396660e018,8,2782,True,,28070,27869,92.33140373488641
2783,8eff1ca1-7e3f-4de9-8347-9e396660e018,8,2783,True,,28108,27907,105.29821294032809
2784,8eff1ca1-7e3f-4de9-8347-9e396660e018,8,2784,True,,28142,27941,90.96657140057141
2785,8eff1ca1-7e3f-4de9-8347-9e396660e018,8,2785,True,,28182,27981,93.3607589311614
2786,8eff1ca1-7e3f-4de9-8347-9e396660e018,8,2786,True,,28215,28014,101.0001858857504
2787,8eff1ca1-7e3f-4de9-8347-9e396660e018,8,2787,True,,28251,28050,93.50165690956419
2788,8eff1ca1-7e3f-4de9-8347-9e396660e018,8,2788,True,,28294,28093,87.37097435208852
2789,8eff1ca1-7e3f-4de9-8347-9e396660e018,8,2789,True,,28336,28135,98.53949269942314
2790,8eff1ca1-7e3f-4de9-8347-9e396660e018,8,2790,True,,28370,28169,88.21927954339117
2791,8eff1ca1-7e3f-4de9-8347-9e396660e018,8,2791,True,,28405,28204,98.48663342411965
2792,8eff1ca1-7e3f-4de9-8347-9e396660e018,8,2792,True,,28456,28255,188.76872605428434
2793,8eff1ca1-7e3f-4de9-8347-9e396660e018,8,2793,True,,28482,28281,91.82301376034593
2794,8eff1ca1-7e3f-4de9-8347-9e396660e018,8,2794,True,,28505,28304,161.0952819513659
2795,8eff1ca1-7e3f-4de9-8347-9e396660e018,8,2795,True,,28535,28334,178.87160114254948
2796,8eff1ca1-7e3f-4de9-8347-9e396660e018,8,2796,True,,28569,28368,120.10265418815106
2797,8eff1ca1-7e3f-4de9-8347-9e396660e018,8,2797,True,,28609,28408,191.33184832864208
2798,8eff1ca1-7e3f-4de9-8347-9e396660e018,8,2798,True,,28642,28441,158.33184832864208
2799,8eff1ca1-7e3f-4de9-8347-9e396660e018,8,2799,True,,28683,28482,90.15404904480602
2800,8eff1ca1-7e3f-4de9-8347-9e396660e018,8,2800,False,2.0,28718,28517,56.77854961763296
2801,8eff1ca1-7e3f-4de9-8347-9e396660e018,8,2801,True,,28749,28548,99.70311500218668
2802,8eff1ca1-7e3f-4de9-8347-9e396660e018,8,2802,True,,28792,28591,99.93436970770927
2803,8eff1ca1-7e3f-4de9-8347-9e396660e018,8,2803,True,,28827,28626,97.94206604200008
2804,8eff1ca1-7e3f-4de9-8347-9e396660e018,8,2804,True,,28857,28656,109.7430414756891
2805,8eff1ca1-7e3f-4de9-8347-9e396660e018,8,2805,True,,28887,28686,103.3672132710235
2806,8eff1ca1-7e3f-4de9-8347-9e396660e018,8,2806,True,,28926,28725,89.66921439262296
2807,8eff1ca1-7e3f-4de9-8347-9e396660e018,8,2807,True,,28973,28772,100.6693712865781
2808,8eff1ca1-7e3f-4de9-8347-9e396660e018,8,2808,True,,29009,28808,91.66586214615745
2809,8eff1ca1-7e3f-4de9-8347-9e396660e018,8,2809,True,,29054,28853,95.80544379391722
2810,8eff1ca1-7e3f-4de9-8347-9e396660e018,8,2810,True,,29087,28886,92.70485173792258
2811,8eff1ca1-7e3f-4de9-8347-9e396660e018,8,2811,True,,29133,28932,142.54373174024659
2812,8eff1ca1-7e3f-4de9-8347-9e396660e018,8,2812,True,,29160,28959,87.53953708686095
2813,8eff1ca1-7e3f-4de9-8347-9e396660e018,8,2813,True,,29205,29004,94.72632983107542
2814,8eff1ca1-7e3f-4de9-8347-9e396660e018,8,2814,True,,29239,29038,98.24875231356782
2815,8eff1ca1-7e3f-4de9-8347-9e396660e018,8,2815,True,,29276,29075,137.30769692163085
2816,8eff1ca1-7e3f-4de9-8347-9e396660e018,8,2816,True,,29321,29120,115.7928029035138
2817,8eff1ca1-7e3f-4de9-8347-9e396660e018,8,2817,True,,29359,29158,124.74199401892838
2818,8eff1ca1-7e3f-4de9-8347-9e396660e018,8,2818,True,,29404,29203,103.67341430492525
2819,8eff1ca1-7e3f-4de9-8347-9e396660e018,8,2819,True,,29454,29253,102.01268804262872
2820,8eff1ca1-7e3f-4de9-8347-9e396660e018,8,2820,True,,29490,29289,96.52931144558897
2821,8eff1ca1-7e3f-4de9-8347-9e396660e018,8,2821,True,,29524,29323,87.74387877493064
2822,8eff1ca1-7e3f-4de9-8347-9e396660e018,8,2822,True,,29560,29359,87.07855071508675
2823,8eff1ca1-7e3f-4de9-8347-9e396660e018,8,2823,True,,29598,29397,106.76832501489844
2824,8eff1ca1-7e3f-4de9-8347-9e396660e018,8,2824,True,,29641,29440,141.48720658284947
2825,8eff1ca1-7e3f-4de9-8347-9e396660e018,8,2825,True,,29671,29470,136.27062441212183
2826,8eff1ca1-7e3f-4de9-8347-9e396660e018,8,2826,True,,29712,29511,121.52286065368753
2827,8eff1ca1-7e3f-4de9-8347-9e396660e018,8,2827,True,,29753,29552,100.26652936602113
2828,8eff1ca1-7e3f-4de9-8347-9e396660e018,8,2828,True,,29785,29584,148.0981177101894
2829,8eff1ca1-7e3f-4de9-8347-9e396660e018,8,2829,True,,29815,29614,89.78647940582232
2830,8eff1ca1-7e3f-4de9-8347-9e396660e018,8,2830,True,,29843,29642,90.0981177101894
2831,8eff1ca1-7e3f-4de9-8347-9e396660e018,8,2831,True,,29878,29677,141.51182133455222
2832,8eff1ca1-7e3f-4de9-8347-9e396660e018,8,2832,True,,29925,29724,118.34603709137082
2833,8eff1ca1-7e3f-4de9-8347-9e396660e018,8,2833,True,,29961,29760,105.82484752290839
2834,8eff1ca1-7e3f-4de9-8347-9e396660e018,8,2834,True,,30003,29802,124.64958228135947
2835,8eff1ca1-7e3f-4de9-8347-9e396660e018,8,2835,True,,30035,29834,111.50638956798139
2836,8eff1ca1-7e3f-4de9-8347-9e396660e018,8,2836,True,,30066,29865,105.5243830272957
2837,8eff1ca1-7e3f-4de9-8347-9e396660e018,8,2837,True,,30097,29896,130.05223025712257
2838,8eff1ca1-7e3f-4de9-8347-9e396660e018,8,2838,True,,30128,29927,123.13921256595495
2839,8eff1ca1-7e3f-4de9-8347-9e396660e018,8,2839,True,,30171,29970,101.90603350063247
2840,8eff1ca1-7e3f-4de9-8347-9e396660e018,8,2840,True,,30201,30000,95.39265800902649
2841,8eff1ca1-7e3f-4de9-8347-9e396660e018,8,2841,True,,30233,30032,86.09584608736986
2842,8eff1ca1-7e3f-4de9-8347-9e396660e018,8,2842,True,,30266,30065,139.70426636345655
2843,8eff1ca1-7e3f-4de9-8347-9e396660e018,8,2843,True,,30304,30103,80.75420159745772
2844,8eff1ca1-7e3f-4de9-8347-9e396660e018,8,2844,True,,30351,30150,88.57033571682041
2845,8eff1ca1-7e3f-4de9-8347-9e396660e018,8,2845,True,,30381,30180,87.26341903146749
2846,8eff1ca1-7e3f-4de9-8347-9e396660e018,8,2846,True,,30419,30218,106.81395867278843
2847,8eff1ca1-7e3f-4de9-8347-9e396660e018,8,2847,True,,30453,30252,98.63877374781805
2848,8eff1ca1-7e3f-4de9-8347-9e396660e018,8,2848,True,,30492,30291,100.9376570718523
2849,8eff1ca1-7e3f-4de9-8347-9e396660e018,8,2849,True,,30524,30323,104.41264934786159
2850,8eff1ca1-7e3f-4de9-8347-9e396660e018,8,2850,True,,30558,30357,132.42480833158334
2851,8eff1ca1-7e3f-4de9-8347-9e396660e018,8,2851,True,,30607,30406,107.22806221642531
2852,8eff1ca1-7e3f-4de9-8347-9e396660e018,8,2852,True,,30639,30438,98.32278433126703
2853,8eff1ca1-7e3f-4de9-8347-9e396660e018,8,2853,True,,30675,30474,89.98908124198351
2854,8eff1ca1-7e3f-4de9-8347-9e396660e018,8,2854,True,,30714,30513,128.24229606255903
2855,8eff1ca1-7e3f-4de9-8347-9e396660e018,8,2855,True,,30751,30550,113.6571270579625
2856,8eff1ca1-7e3f-4de9-8347-9e396660e018,8,2856,True,,30779,30578,106.47615238647268
2857,8eff1ca1-7e3f-4de9-8347-9e396660e018,8,2857,True,,30823,30622,89.7942284058663
2858,8eff1ca1-7e3f-4de9-8347-9e396660e018,8,2858,True,,30863,30662,90.08629773778375
2859,8eff1ca1-7e3f-4de9-8347-9e396660e018,8,2859,True,,30898,30697,93.50406396254039
2860,8eff1ca1-7e3f-4de9-8347-9e396660e018,8,2860,True,,30940,30739,131.53067219774675
2861,8eff1ca1-7e3f-4de9-8347-9e396660e018,8,2861,True,,30976,30775,142.42196831505498
2862,8eff1ca1-7e3f-4de9-8347-9e396660e018,8,2862,True,,31012,30811,126.16540544469535
2863,8eff1ca1-7e3f-4de9-8347-9e396660e018,8,2863,True,,31044,30843,114.62223308881585
2864,8eff1ca1-7e3f-4de9-8347-9e396660e018,8,2864,True,,31087,30886,95.01600151093226
2865,8eff1ca1-7e3f-4de9-8347-9e396660e018,8,2865,True,,31126,30925,141.9193796536092
2866,8eff1ca1-7e3f-4de9-8347-9e396660e018,8,2866,True,,31156,30955,89.70939489867305
2867,8eff1ca1-7e3f-4de9-8347-9e396660e018,8,2867,True,,31180,30979,108.50161231063976
2868,8eff1ca1-7e3f-4de9-8347-9e396660e018,8,2868,True,,31216,31015,104.16637095857368
2869,8eff1ca1-7e3f-4de9-8347-9e396660e018,8,2869,True,,31256,31055,100.32056114769148
2870,8eff1ca1-7e3f-4de9-8347-9e396660e018,8,2870,True,,31297,31096,90.03756163846629
2871,8eff1ca1-7e3f-4de9-8347-9e396660e018,8,2871,True,,31327,31126,94.70117884726278
2872,8eff1ca1-7e3f-4de9-8347-9e396660e018,8,2872,True,,31374,31173,92.16963944276358
2873,8eff1ca1-7e3f-4de9-8347-9e396660e018,8,2873,True,,31417,31216,93.71973960003743
2874,8eff1ca1-7e3f-4de9-8347-9e396660e018,8,2874,True,,31451,31250,110.17113431109465
2875,8eff1ca1-7e3f-4de9-8347-9e396660e018,8,2875,True,,31480,31279,103.96376201956082
2876,8eff1ca1-7e3f-4de9-8347-9e396660e018,8,2876,True,,31529,31328,96.14074403052655
2877,8eff1ca1-7e3f-4de9-8347-9e396660e018,8,2877,True,,31560,31359,96.98423982188251
2878,8eff1ca1-7e3f-4de9-8347-9e396660e018,8,2878,True,,31607,31406,105.75479736016496
2879,8eff1ca1-7e3f-4de9-8347-9e396660e018,8,2879,True,,31640,31439,93.98773573075232
2880,8eff1ca1-7e3f-4de9-8347-9e396660e018,8,2880,True,,31660,31459,96.27129197605245
2881,8eff1ca1-7e3f-4de9-8347-9e396660e018,8,2881,True,,31702,31501,151.67131037907166
2882,8eff1ca1-7e3f-4de9-8347-9e396660e018,8,2882,True,,31735,31534,94.79818381013683
2883,8eff1ca1-7e3f-4de9-8347-9e396660e018,8,2883,True,,31771,31570,105.29799842290959
2884,8eff1ca1-7e3f-4de9-8347-9e396660e018,8,2884,True,,31802,31601,97.06422116707472
2885,8eff1ca1-7e3f-4de9-8347-9e396660e018,8,2885,True,,31833,31632,123.9039811689654
2886,8eff1ca1-7e3f-4de9-8347-9e396660e018,8,2886,True,,31865,31664,117.66823102679336
2887,8eff1ca1-7e3f-4de9-8347-9e396660e018,8,2887,True,,31901,31700,101.69065188635795
2888,8eff1ca1-7e3f-4de9-8347-9e396660e018,8,2888,True,,31932,31731,95.589280622753
2889,8eff1ca1-7e3f-4de9-8347-9e396660e018,8,2889,True,,31965,31764,88.99033203165163
2890,8eff1ca1-7e3f-4de9-8347-9e396660e018,8,2890,True,,32002,31801,93.08468735718998
2891,8eff1ca1-7e3f-4de9-8347-9e396660e018,8,2891,True,,32039,31838,109.65462732484957
2892,8eff1ca1-7e3f-4de9-8347-9e396660e018,8,2892,True,,32073,31872,101.44575888387044
2893,8eff1ca1-7e3f-4de9-8347-9e396660e018,8,2893,True,,32112,31911,93.03737403440391
2894,8eff1ca1-7e3f-4de9-8347-9e396660e018,8,2894,True,,32149,31948,133.80216242628376
2895,8eff1ca1-7e3f-4de9-8347-9e396660e018,8,2895,True,,32184,31983,120.96335414889472
2896,8eff1ca1-7e3f-4de9-8347-9e396660e018,8,2896,True,,32215,32014,127.749792687835
2897,8eff1ca1-7e3f-4de9-8347-9e396660e018,8,2897,True,,32251,32050,111.22542890162731
2898,8eff1ca1-7e3f-4de9-8347-9e396660e018,8,2898,True,,32292,32091,94.84171021191287
2899,8eff1ca1-7e3f-4de9-8347-9e396660e018,8,2899,True,,32330,32129,89.23639218572498
2900,8eff1ca1-7e3f-4de9-8347-9e396660e018,8,2900,True,,32377,32176,101.63633830313847
2901,8eff1ca1-7e3f-4de9-8347-9e396660e018,8,2901,True,,32417,32216,96.72445977154712
2902,8eff1ca1-7e3f-4de9-8347-9e396660e018,8,2902,True,,32447,32246,93.04792594251921
2903,8eff1ca1-7e3f-4de9-8347-9e396660e018,8,2903,True,,32491,32290,99.37776655111156
2904,8eff1ca1-7e3f-4de9-8347-9e396660e018,8,2904,True,,32538,32337,146.8445680398072
2905,8eff1ca1-7e3f-4de9-8347-9e396660e018,8,2905,True,,32573,32372,88.84942463625339
2906,8eff1ca1-7e3f-4de9-8347-9e396660e018,8,2906,True,,32615,32414,103.42741703705542
2907,8eff1ca1-7e3f-4de9-8347-9e396660e018,8,2907,True,,32663,32462,85.28098741955546
2908,8eff1ca1-7e3f-4de9-8347-9e396660e018,8,2908,True,,32702,32501,101.73314957469483
2909,8eff1ca1-7e3f-4de9-8347-9e396660e018,8,2909,True,,32730,32529,140.4229881423671
2910,8eff1ca1-7e3f-4de9-8347-9e396660e018,8,2910,True,,32759,32558,130.92200559508274
2911,8eff1ca1-7e3f-4de9-8347-9e396660e018,8,2911,True,,32792,32591,119.83558805056964
2912,8eff1ca1-7e3f-4de9-8347-9e396660e018,8,2912,True,,32830,32629,124.36583237155355
2913,8eff1ca1-7e3f-4de9-8347-9e396660e018,8,2913,True,,32866,32665,118.71282912134484
2914,8eff1ca1-7e3f-4de9-8347-9e396660e018,8,2914,True,,32903,32702,105.80585511537356
2915,8eff1ca1-7e3f-4de9-8347-9e396660e018,8,2915,True,,32940,32739,91.85812454145344
2916,8eff1ca1-7e3f-4de9-8347-9e396660e018,8,2916,True,,32973,32772,96.4065326554628
2917,8eff1ca1-7e3f-4de9-8347-9e396660e018,8,2917,True,,33007,32806,103.96777118122554
2918,8eff1ca1-7e3f-4de9-8347-9e396660e018,8,2918,True,,33045,32844,96.13165486673824
2919,8eff1ca1-7e3f-4de9-8347-9e396660e018,8,2919,True,,33083,32882,93.7968061115971
2920,8eff1ca1-7e3f-4de9-8347-9e396660e018,8,2920,True,,33115,32914,96.57903264965717
2921,8eff1ca1-7e3f-4de9-8347-9e396660e018,8,2921,True,,33154,32953,87.61568724622339
2922,8eff1ca1-7e3f-4de9-8347-9e396660e018,8,2922,True,,33187,32986,87.52171130025818
2923,8eff1ca1-7e3f-4de9-8347-9e396660e018,8,2923,True,,33229,33028,88.75550324675714
2924,8eff1ca1-7e3f-4de9-8347-9e396660e018,8,2924,True,,33260,33059,95.28470596914849
2925,8eff1ca1-7e3f-4de9-8347-9e396660e018,8,2925,True,,33291,33090,90.13213936005923
2926,8eff1ca1-7e3f-4de9-8347-9e396660e018,8,2926,True,,33335,33134,92.92564209310513
2927,8eff1ca1-7e3f-4de9-8347-9e396660e018,8,2927,True,,33369,33168,98.79765112549649
2928,8eff1ca1-7e3f-4de9-8347-9e396660e018,8,2928,True,,33405,33204,97.35280733634863
2929,8eff1ca1-7e3f-4de9-8347-9e396660e018,8,2929,True,,33447,33246,97.32327016827912
2930,8eff1ca1-7e3f-4de9-8347-9e396660e018,8,2930,True,,33486,33285,92.55476763819752
2931,8eff1ca1-7e3f-4de9-8347-9e396660e018,8,2931,True,,33531,33330,151.2319915853368
2932,8eff1ca1-7e3f-4de9-8347-9e396660e018,8,2932,True,,33567,33366,93.11709603514464
2933,8eff1ca1-7e3f-4de9-8347-9e396660e018,8,2933,True,,33601,33400,152.17897857576463
2934,8eff1ca1-7e3f-4de9-8347-9e396660e018,8,2934,True,,33626,33425,175.36455892854428
2935,8eff1ca1-7e3f-4de9-8347-9e396660e018,8,2935,True,,33658,33457,168.27134739188477
2936,8eff1ca1-7e3f-4de9-8347-9e396660e018,8,2936,True,,33697,33496,129.27134739188477
2937,8eff1ca1-7e3f-4de9-8347-9e396660e018,8,2937,True,,33732,33531,144.01448129802156
2938,8eff1ca1-7e3f-4de9-8347-9e396660e018,8,2938,True,,33775,33574,119.0263656517418
2939,8eff1ca1-7e3f-4de9-8347-9e396660e018,8,2939,True,,33814,33613,100.96918911628745
2940,8eff1ca1-7e3f-4de9-8347-9e396660e018,8,2940,True,,33862,33661,91.63022756094142
2941,8eff1ca1-7e3f-4de9-8347-9e396660e018,8,2941,True,,33903,33702,93.87455195280927
2942,8eff1ca1-7e3f-4de9-8347-9e396660e018,8,2942,True,,33950,33749,85.26422556069156
2943,8eff1ca1-7e3f-4de9-8347-9e396660e018,8,2943,True,,33990,33789,100.60770761580352
2944,8eff1ca1-7e3f-4de9-8347-9e396660e018,8,2944,True,,34025,33824,95.37821230293775
2945,8eff1ca1-7e3f-4de9-8347-9e396660e018,8,2945,True,,34066,33865,122.50368429184891
2946,8eff1ca1-7e3f-4de9-8347-9e396660e018,8,2946,True,,34097,33896,113.90144413432427
2947,8eff1ca1-7e3f-4de9-8347-9e396660e018,8,2947,True,,34133,33932,148.55493208600092
2948,8eff1ca1-7e3f-4de9-8347-9e396660e018,8,2948,True,,34165,33964,93.91090357694338
2949,8eff1ca1-7e3f-4de9-8347-9e396660e018,8,2949,True,,34205,34004,101.7101659237378
2950,8eff1ca1-7e3f-4de9-8347-9e396660e018,8,2950,True,,34243,34042,97.91462807889184
2951,8eff1ca1-7e3f-4de9-8347-9e396660e018,8,2951,True,,34283,34082,99.96236604142177
2952,8eff1ca1-7e3f-4de9-8347-9e396660e018,8,2952,True,,34326,34125,129.87717661444185
2953,8eff1ca1-7e3f-4de9-8347-9e396660e018,8,2953,True,,34357,34156,120.40447790347389
2954,8eff1ca1-7e3f-4de9-8347-9e396660e018,8,2954,True,,34392,34191,108.08804641476308
2955,8eff1ca1-7e3f-4de9-8347-9e396660e018,8,2955,True,,34425,34224,95.67078878137545
2956,8eff1ca1-7e3f-4de9-8347-9e396660e018,8,2956,True,,34451,34250,92.60031009313388
2957,8eff1ca1-7e3f-4de9-8347-9e396660e018,8,2957,True,,34481,34280,102.49395791371353
2958,8eff1ca1-7e3f-4de9-8347-9e396660e018,8,2958,True,,34512,34311,170.76907764885982
2959,8eff1ca1-7e3f-4de9-8347-9e396660e018,8,2959,True,,34553,34352,156.08342322250246
2960,8eff1ca1-7e3f-4de9-8347-9e396660e018,8,2960,True,,34590,34389,146.6638224827766
2961,8eff1ca1-7e3f-4de9-8347-9e396660e018,8,2961,True,,34626,34425,110.6638224827766
2962,8eff1ca1-7e3f-4de9-8347-9e396660e018,8,2962,True,,34663,34462,94.358425960374
2963,8eff1ca1-7e3f-4de9-8347-9e396660e018,8,2963,True,,34699,34498,102.73006478198658
2964,8eff1ca1-7e3f-4de9-8347-9e396660e018,8,2964,True,,34741,34540,93.89919385557005
2965,8eff1ca1-7e3f-4de9-8347-9e396660e018,8,2965,True,,34769,34568,93.21041427923046
2966,8eff1ca1-7e3f-4de9-8347-9e396660e018,8,2966,True,,34802,34601,101.01941991469357
2967,8eff1ca1-7e3f-4de9-8347-9e396660e018,8,2967,True,,34838,34637,95.15334693411569
2968,8eff1ca1-7e3f-4de9-8347-9e396660e018,8,2968,True,,34885,34684,86.80237104568369
2969,8eff1ca1-7e3f-4de9-8347-9e396660e018,8,2969,True,,34916,34715,142.56897188829316
2970,8eff1ca1-7e3f-4de9-8347-9e396660e018,8,2970,True,,34950,34749,133.9970758220661
2971,8eff1ca1-7e3f-4de9-8347-9e396660e018,8,2971,True,,34985,34784,119.45068618404184
2972,8eff1ca1-7e3f-4de9-8347-9e396660e018,8,2972,True,,35016,34815,124.89057138675707
2973,8eff1ca1-7e3f-4de9-8347-9e396660e018,8,2973,True,,35044,34843,152.5014327203462
2974,8eff1ca1-7e3f-4de9-8347-9e396660e018,8,2974,True,,35081,34880,137.2727332979921
2975,8eff1ca1-7e3f-4de9-8347-9e396660e018,8,2975,True,,35128,34927,114.18081286860252
2976,8eff1ca1-7e3f-4de9-8347-9e396660e018,8,2976,True,,35176,34975,95.81798029644415
2977,8eff1ca1-7e3f-4de9-8347-9e396660e018,8,2977,True,,35204,35003,109.15535726732196
2978,8eff1ca1-7e3f-4de9-8347-9e396660e018,8,2978,True,,35247,35046,96.88111487867718
2979,8eff1ca1-7e3f-4de9-8347-9e396660e018,8,2979,True,,35296,35095,127.57478012279171
2980,8eff1ca1-7e3f-4de9-8347-9e396660e018,8,2980,True,,35318,35117,148.47364487835875
2981,8eff1ca1-7e3f-4de9-8347-9e396660e018,8,2981,True,,35351,35150,184.14117895146046
2982,8eff1ca1-7e3f-4de9-8347-9e396660e018,8,2982,True,,35389,35188,96.3809969212598
2983,8eff1ca1-7e3f-4de9-8347-9e396660e018,8,2983,True,,35428,35227,126.93446117055282
2984,8eff1ca1-7e3f-4de9-8347-9e396660e018,8,2984,True,,35455,35254,119.90421736650023
2985,8eff1ca1-7e3f-4de9-8347-9e396660e018,8,2985,True,,35487,35286,128.69894957199722
2986,8eff1ca1-7e3f-4de9-8347-9e396660e018,8,2986,True,,35526,35325,109.68506161902769
2987,8eff1ca1-7e3f-4de9-8347-9e396660e018,8,2987,True,,35555,35354,103.64087624680542
2988,8eff1ca1-7e3f-4de9-8347-9e396660e018,8,2988,True,,35587,35386,94.22515807834861
2989,8eff1ca1-7e3f-4de9-8347-9e396660e018,8,2989,True,,35609,35408,106.30285051773535
2990,8eff1ca1-7e3f-4de9-8347-9e396660e018,8,2990,True,,35649,35448,90.63000976093463
2991,8eff1ca1-7e3f-4de9-8347-9e396660e018,8,2991,True,,35680,35479,88.52281468846195
2992,8eff1ca1-7e3f-4de9-8347-9e396660e018,8,2992,True,,35719,35518,131.58051116861316
2993,8eff1ca1-7e3f-4de9-8347-9e396660e018,8,2993,True,,35761,35560,111.75042388523434
2994,8eff1ca1-7e3f-4de9-8347-9e396660e018,8,2994,True,,35791,35590,105.81626489290647
2995,8eff1ca1-7e3f-4de9-8347-9e396660e018,8,2995,True,,35826,35625,92.1101455285243
2996,8eff1ca1-7e3f-4de9-8347-9e396660e018,8,2996,True,,35864,35663,81.05451837233704
2997,8eff1ca1-7e3f-4de9-8347-9e396660e018,8,2997,True,,35898,35697,84.03982612669643
2998,8eff1ca1-7e3f-4de9-8347-9e396660e018,8,2998,True,,35930,35729,90.35447921428567
2999,8eff1ca1-7e3f-4de9-8347-9e396660e018,8,2999,True,,35971,35770,99.43391069857171
